48
1 926.34492 0
2 1168.231644 0
3 1584.087189 0
4 2089.54260275 0
5 2691.67822275 0
6 3396.86737075 0
7 4210.4813845 0
8 5135.32556175 0
9 6172.538208 0
10 7331.39587375 7.75E-06
11 8631.46228025001 8.55E-05
12 10085.09423825 0.00044075
13 11669.928711 0.00157525
14 13322.9729005 0.00434
15 14699.33569325 0.0083945
16 15759.3273925 0.01355025
17 16757.45996075 0.02061325
18 17671.61425775 0.02988025
19 18481.765625 0.04163075
20 19170.140625 0.05612425
21 19720.7192385 0.073605
22 20119.21240225 0.09430275
23 20352.9785155 0.118432
24 20410.48046875 0.146199
25 20281.03320325 0.17780375
26 19954.7988285 0.21343925
27 19422.57128925 0.25329325
28 18676.080078 0.29753325
29 17714.290039 0.3460385
30 16554.81738275 0.39803325
31 15232.62988275 0.45232975
32 13791.9511717501 0.50768075
33 12282.66796875 0.562815
34 10755.5839845 0.616528
35 9257.87988275 0.667771
36 7829.64843750001 0.715712
37 6501.91992175 0.75976275
38 5296.02148425 0.79957675
39 4224.091797 0.83502625
40 3290.40039075001 0.8661625
41 2493.0371095 0.89317125
42 1825.69140625 0.91633125
43 1279.19531225 0.93597525
44 843.203125 0.9524565
45 507.486328 0.96612325
46 262.86914025 0.97730125
47 102.55078125 0.9862745
48 22.34375025 0.99327925
49 0 1
