2012100218
   427 - non zero grids
     1    345  335    1     -20.759    63.206     0.619E+06
     2    345  336    1     -20.836    63.308     0.619E+06
     3    345  338    1     -20.993    63.513     0.247E+07
     4    346  335    1     -20.532    63.241     0.615E+06
     5    346  336    1     -20.609    63.343     0.741E+07
     6    346  338    1     -20.763    63.548     0.697E+07
     7    346  339    1     -20.841    63.650     0.618E+06
     8    347  336    1     -20.380    63.377     0.370E+07
     9    347  337    1     -20.456    63.480     0.679E+07
    10    347  338    1     -20.533    63.582     0.876E+07
    11    347  339    1     -20.611    63.684     0.674E+07
    12    348  336    1     -20.151    63.411     0.246E+07
    13    348  337    1     -20.227    63.514     0.201E+08
    14    348  338    1     -20.303    63.616     0.226E+08
    15    348  339    1     -20.380    63.719     0.208E+08
    16    349  337    1     -19.997    63.547     0.240E+08
    17    349  338    1     -20.072    63.650     0.448E+08
    18    349  339    1     -20.148    63.753     0.766E+08
    19    350  337    1     -19.766    63.581     0.220E+08
    20    350  338    1     -19.840    63.683     0.608E+08
    21    350  339    1     -19.916    63.786     0.163E+09
    22    350  340    1     -19.991    63.889     0.892E+07
    23    351  337    1     -19.534    63.614     0.137E+08
    24    351  338    1     -19.608    63.716     0.558E+08
    25    351  339    1     -19.683    63.819     0.266E+09
    26    351  340    1     -19.758    63.922     0.149E+08
    27    352  337    1     -19.303    63.646     0.113E+07
    28    352  338    1     -19.376    63.749     0.510E+08
    29    352  339    1     -19.449    63.852     0.401E+09
    30    352  340    1     -19.524    63.955     0.558E+08
    31    353  338    1     -19.143    63.781     0.239E+08
    32    353  339    1     -19.215    63.884     0.477E+09
    33    353  340    1     -19.289    63.988     0.191E+09
    34    354  333    1     -18.556    63.297     0.154E+08
    35    354  334    1     -18.626    63.400     0.596E+08
    36    354  335    1     -18.696    63.503     0.105E+08
    37    354  336    1     -18.766    63.607     0.336E+07
    38    354  338    1     -18.909    63.813     0.109E+07
    39    354  339    1     -18.981    63.917     0.454E+09
    40    354  340    1     -19.054    64.020     0.493E+09
    41    355  323    1     -17.664    62.291     0.134E+07
    42    355  324    1     -17.728    62.395     0.870E+07
    43    355  324    2     -17.728    62.395     0.669E+06
    44    355  325    1     -17.792    62.498     0.402E+07
    45    355  326    1     -17.857    62.602     0.201E+07
    46    355  327    1     -17.923    62.706     0.134E+07
    47    355  328    1     -17.989    62.810     0.201E+07
    48    355  329    1     -18.055    62.913     0.201E+07
    49    355  330    1     -18.122    63.017     0.937E+07
    50    355  331    1     -18.189    63.121     0.120E+08
    51    355  332    1     -18.257    63.224     0.154E+08
    52    355  333    1     -18.326    63.328     0.110E+09
    53    355  334    1     -18.394    63.431     0.278E+09
    54    355  335    1     -18.464    63.535     0.277E+09
    55    355  336    1     -18.534    63.638     0.325E+08
    56    355  337    1     -18.604    63.741     0.199E+08
    57    355  338    1     -18.675    63.845     0.356E+08
    58    355  339    1     -18.746    63.948     0.332E+09
    59    355  340    1     -18.818    64.051     0.107E+10
    60    355  341    1     -18.890    64.155     0.150E+08
    61    356  323    1     -17.440    62.320     0.174E+08
    62    356  323    2     -17.440    62.320     0.977E+07
    63    356  324    1     -17.504    62.424     0.145E+09
    64    356  324    2     -17.504    62.424     0.515E+08
    65    356  325    1     -17.568    62.528     0.257E+09
    66    356  325    2     -17.568    62.528     0.384E+08
    67    356  326    1     -17.632    62.632     0.180E+09
    68    356  326    2     -17.632    62.632     0.242E+08
    69    356  327    1     -17.697    62.736     0.885E+08
    70    356  327    2     -17.697    62.736     0.107E+08
    71    356  328    1     -17.762    62.840     0.462E+08
    72    356  328    2     -17.762    62.840     0.134E+07
    73    356  329    1     -17.827    62.943     0.342E+08
    74    356  330    1     -17.894    63.047     0.402E+08
    75    356  331    1     -17.960    63.151     0.341E+08
    76    356  332    1     -18.027    63.255     0.635E+08
    77    356  333    1     -18.095    63.358     0.232E+09
    78    356  334    1     -18.163    63.462     0.518E+09
    79    356  335    1     -18.231    63.565     0.814E+09
    80    356  336    1     -18.300    63.669     0.434E+09
    81    356  337    1     -18.370    63.772     0.564E+08
    82    356  338    1     -18.440    63.876     0.954E+08
    83    356  339    1     -18.511    63.979     0.373E+09
    84    356  340    1     -18.582    64.083     0.152E+10
    85    356  341    1     -18.653    64.186     0.231E+09
    86    357  322    2     -17.154    62.245     0.134E+07
    87    357  323    1     -17.216    62.349     0.402E+07
    88    357  323    2     -17.216    62.349     0.234E+08
    89    357  324    1     -17.279    62.454     0.290E+08
    90    357  324    2     -17.279    62.454     0.871E+08
    91    357  325    1     -17.342    62.558     0.166E+09
    92    357  325    2     -17.342    62.558     0.143E+09
    93    357  326    1     -17.406    62.661     0.433E+09
    94    357  326    2     -17.406    62.661     0.154E+09
    95    357  327    1     -17.470    62.765     0.675E+09
    96    357  327    2     -17.470    62.765     0.118E+09
    97    357  328    1     -17.534    62.869     0.625E+09
    98    357  328    2     -17.534    62.869     0.816E+08
    99    357  329    1     -17.599    62.973     0.426E+09
   100    357  329    2     -17.599    62.973     0.361E+08
   101    357  330    1     -17.664    63.077     0.243E+09
   102    357  330    2     -17.664    63.077     0.167E+08
   103    357  331    1     -17.730    63.181     0.159E+09
   104    357  331    2     -17.730    63.181     0.335E+07
   105    357  332    1     -17.797    63.285     0.148E+09
   106    357  333    1     -17.863    63.388     0.216E+09
   107    357  334    1     -17.931    63.492     0.540E+09
   108    357  335    1     -17.998    63.596     0.845E+09
   109    357  336    1     -18.067    63.700     0.132E+10
   110    357  337    1     -18.135    63.803     0.742E+09
   111    357  338    1     -18.205    63.907     0.163E+09
   112    357  339    1     -18.275    64.010     0.245E+09
   113    357  340    1     -18.345    64.114     0.153E+10
   114    357  341    1     -18.416    64.217     0.952E+09
   115    358  321    2     -16.870    62.170     0.136E+07
   116    358  322    2     -16.931    62.274     0.107E+08
   117    358  323    1     -16.992    62.378     0.669E+06
   118    358  323    2     -16.992    62.378     0.348E+08
   119    358  324    1     -17.054    62.482     0.201E+07
   120    358  324    2     -17.054    62.482     0.803E+08
   121    358  325    1     -17.116    62.586     0.468E+07
   122    358  325    2     -17.116    62.586     0.142E+09
   123    358  326    1     -17.179    62.691     0.341E+08
   124    358  326    2     -17.179    62.691     0.182E+09
   125    358  327    1     -17.242    62.795     0.115E+09
   126    358  327    2     -17.242    62.795     0.224E+09
   127    358  328    1     -17.306    62.899     0.406E+09
   128    358  328    2     -17.306    62.899     0.251E+09
   129    358  329    1     -17.370    63.003     0.803E+09
   130    358  329    2     -17.370    63.003     0.213E+09
   131    358  330    1     -17.435    63.107     0.109E+10
   132    358  330    2     -17.435    63.107     0.161E+09
   133    358  331    1     -17.500    63.210     0.101E+10
   134    358  331    2     -17.500    63.210     0.983E+08
   135    358  332    1     -17.566    63.314     0.714E+09
   136    358  332    2     -17.566    63.314     0.576E+08
   137    358  333    1     -17.632    63.418     0.555E+09
   138    358  333    2     -17.632    63.418     0.268E+08
   139    358  334    1     -17.698    63.522     0.601E+09
   140    358  334    2     -17.698    63.522     0.468E+07
   141    358  335    1     -17.765    63.626     0.723E+09
   142    358  336    1     -17.833    63.730     0.940E+09
   143    358  337    1     -17.901    63.833     0.159E+10
   144    358  338    1     -17.969    63.937     0.124E+10
   145    358  339    1     -18.038    64.041     0.340E+09
   146    358  340    1     -18.107    64.144     0.724E+09
   147    358  341    1     -18.177    64.248     0.235E+10
   148    358  342    1     -18.248    64.352     0.220E+08
   149    359  320    2     -16.586    62.094     0.669E+06
   150    359  321    2     -16.646    62.198     0.803E+07
   151    359  322    2     -16.707    62.302     0.329E+08
   152    359  323    2     -16.767    62.407     0.651E+08
   153    359  324    2     -16.829    62.511     0.898E+08
   154    359  325    2     -16.890    62.615     0.119E+09
   155    359  326    1     -16.952    62.719     0.134E+07
   156    359  326    2     -16.952    62.719     0.169E+09
   157    359  327    1     -17.015    62.823     0.468E+07
   158    359  327    2     -17.015    62.823     0.219E+09
   159    359  328    1     -17.078    62.928     0.315E+08
   160    359  328    2     -17.078    62.928     0.297E+09
   161    359  329    1     -17.141    63.032     0.771E+08
   162    359  329    2     -17.141    63.032     0.338E+09
   163    359  330    1     -17.205    63.136     0.220E+09
   164    359  330    2     -17.205    63.136     0.355E+09
   165    359  331    1     -17.269    63.240     0.571E+09
   166    359  331    2     -17.269    63.240     0.368E+09
   167    359  332    1     -17.334    63.344     0.110E+10
   168    359  332    2     -17.334    63.344     0.319E+09
   169    359  333    1     -17.399    63.448     0.153E+10
   170    359  333    2     -17.399    63.448     0.256E+09
   171    359  334    1     -17.465    63.552     0.178E+10
   172    359  334    2     -17.465    63.552     0.199E+09
   173    359  335    1     -17.531    63.656     0.161E+10
   174    359  335    2     -17.531    63.656     0.988E+08
   175    359  336    1     -17.598    63.759     0.132E+10
   176    359  336    2     -17.598    63.759     0.335E+08
   177    359  337    1     -17.665    63.863     0.133E+10
   178    359  337    2     -17.665    63.863     0.134E+07
   179    359  338    1     -17.733    63.967     0.189E+10
   180    359  339    1     -17.801    64.071     0.200E+10
   181    359  340    1     -17.870    64.175     0.775E+09
   182    359  341    1     -17.939    64.278     0.195E+10
   183    359  342    1     -18.009    64.382     0.134E+10
   184    360  320    2     -16.363    62.122     0.669E+06
   185    360  321    2     -16.423    62.226     0.937E+07
   186    360  322    2     -16.482    62.330     0.308E+08
   187    360  323    2     -16.542    62.435     0.610E+08
   188    360  324    2     -16.603    62.539     0.918E+08
   189    360  325    2     -16.664    62.643     0.119E+09
   190    360  326    2     -16.725    62.748     0.167E+09
   191    360  327    1     -16.787    62.852     0.201E+07
   192    360  327    2     -16.787    62.852     0.212E+09
   193    360  328    1     -16.849    62.956     0.268E+07
   194    360  328    2     -16.849    62.956     0.262E+09
   195    360  329    1     -16.911    63.060     0.134E+07
   196    360  329    2     -16.911    63.060     0.318E+09
   197    360  330    1     -16.974    63.164     0.101E+08
   198    360  330    2     -16.974    63.164     0.374E+09
   199    360  331    1     -17.038    63.269     0.349E+08
   200    360  331    2     -17.038    63.269     0.447E+09
   201    360  332    1     -17.102    63.373     0.622E+08
   202    360  332    2     -17.102    63.373     0.537E+09
   203    360  333    1     -17.166    63.477     0.183E+09
   204    360  333    2     -17.166    63.477     0.613E+09
   205    360  334    1     -17.231    63.581     0.543E+09
   206    360  334    2     -17.231    63.581     0.601E+09
   207    360  335    1     -17.297    63.685     0.134E+10
   208    360  335    2     -17.297    63.685     0.521E+09
   209    360  336    1     -17.363    63.789     0.220E+10
   210    360  336    2     -17.363    63.789     0.436E+09
   211    360  337    1     -17.429    63.893     0.279E+10
   212    360  337    2     -17.429    63.893     0.296E+09
   213    360  338    1     -17.496    63.997     0.326E+10
   214    360  338    2     -17.496    63.997     0.168E+09
   215    360  339    1     -17.563    64.101     0.307E+10
   216    360  339    2     -17.563    64.101     0.466E+08
   217    360  340    1     -17.631    64.205     0.302E+10
   218    360  340    2     -17.631    64.205     0.201E+07
   219    360  341    1     -17.700    64.308     0.210E+10
   220    360  342    1     -17.768    64.412     0.325E+10
   221    360  343    1     -17.838    64.516     0.790E+09
   222    361  320    2     -16.140    62.149     0.602E+07
   223    361  321    2     -16.198    62.254     0.254E+08
   224    361  322    2     -16.257    62.358     0.402E+08
   225    361  323    2     -16.317    62.462     0.549E+08
   226    361  324    2     -16.376    62.567     0.663E+08
   227    361  325    2     -16.436    62.671     0.971E+08
   228    361  326    2     -16.497    62.776     0.107E+09
   229    361  327    2     -16.558    62.880     0.170E+09
   230    361  328    2     -16.619    62.984     0.243E+09
   231    361  329    2     -16.681    63.089     0.291E+09
   232    361  330    2     -16.744    63.193     0.343E+09
   233    361  331    2     -16.806    63.297     0.390E+09
   234    361  332    2     -16.870    63.401     0.470E+09
   235    361  333    1     -16.933    63.505     0.517E+06
   236    361  333    2     -16.933    63.505     0.609E+09
   237    361  334    1     -16.997    63.610     0.460E+08
   238    361  334    2     -16.997    63.610     0.743E+09
   239    361  335    1     -17.062    63.714     0.197E+09
   240    361  335    2     -17.062    63.714     0.830E+09
   241    361  336    1     -17.127    63.818     0.362E+09
   242    361  336    2     -17.127    63.818     0.878E+09
   243    361  337    1     -17.193    63.922     0.533E+09
   244    361  337    2     -17.193    63.922     0.943E+09
   245    361  338    1     -17.259    64.026     0.991E+09
   246    361  338    2     -17.259    64.026     0.995E+09
   247    361  339    1     -17.325    64.130     0.255E+10
   248    361  339    2     -17.325    64.130     0.973E+09
   249    361  340    1     -17.392    64.234     0.437E+10
   250    361  340    2     -17.392    64.234     0.748E+09
   251    361  341    1     -17.460    64.338     0.614E+10
   252    361  341    2     -17.460    64.338     0.440E+09
   253    361  342    1     -17.528    64.442     0.772E+10
   254    361  342    2     -17.528    64.442     0.142E+09
   255    361  343    1     -17.597    64.546     0.711E+10
   256    361  343    2     -17.597    64.546     0.355E+07
   257    361  344    1     -17.666    64.650     0.932E+09
   258    362  320    2     -15.916    62.176     0.107E+08
   259    362  321    2     -15.974    62.281     0.328E+08
   260    362  322    2     -16.032    62.385     0.509E+08
   261    362  323    2     -16.091    62.490     0.749E+08
   262    362  324    2     -16.150    62.594     0.928E+08
   263    362  325    2     -16.209    62.699     0.126E+09
   264    362  326    2     -16.269    62.803     0.168E+09
   265    362  327    2     -16.329    62.908     0.201E+09
   266    362  328    2     -16.390    63.012     0.249E+09
   267    362  329    2     -16.451    63.117     0.280E+09
   268    362  330    2     -16.512    63.221     0.311E+09
   269    362  331    2     -16.574    63.325     0.360E+09
   270    362  332    2     -16.637    63.430     0.398E+09
   271    362  333    2     -16.699    63.534     0.507E+09
   272    362  334    1     -16.763    63.638     0.399E+07
   273    362  334    2     -16.763    63.638     0.653E+09
   274    362  335    1     -16.827    63.742     0.529E+08
   275    362  335    2     -16.827    63.742     0.806E+09
   276    362  336    1     -16.891    63.847     0.835E+08
   277    362  336    2     -16.891    63.847     0.972E+09
   278    362  337    1     -16.956    63.951     0.106E+09
   279    362  337    2     -16.956    63.951     0.113E+10
   280    362  338    1     -17.021    64.055     0.138E+09
   281    362  338    2     -17.021    64.055     0.133E+10
   282    362  339    1     -17.087    64.159     0.236E+09
   283    362  339    2     -17.087    64.159     0.162E+10
   284    362  340    1     -17.153    64.263     0.468E+09
   285    362  340    2     -17.153    64.263     0.196E+10
   286    362  340    3     -17.153    64.263     0.468E+07
   287    362  341    1     -17.220    64.367     0.109E+10
   288    362  341    2     -17.220    64.367     0.264E+10
   289    362  341    3     -17.220    64.367     0.190E+09
   290    362  342    1     -17.287    64.471     0.321E+10
   291    362  342    2     -17.287    64.471     0.450E+10
   292    362  342    3     -17.287    64.471     0.272E+10
   293    362  343    1     -17.355    64.575     0.952E+10
   294    362  343    2     -17.355    64.575     0.841E+10
   295    362  343    3     -17.355    64.575     0.120E+11
   296    362  344    1     -17.423    64.679     0.106E+11
   297    362  344    2     -17.423    64.679     0.501E+10
   298    362  344    3     -17.423    64.679     0.103E+11
   299    363  320    2     -15.692    62.203     0.268E+07
   300    363  321    2     -15.749    62.307     0.282E+08
   301    363  322    2     -15.806    62.412     0.570E+08
   302    363  323    2     -15.864    62.517     0.710E+08
   303    363  324    2     -15.922    62.621     0.925E+08
   304    363  325    2     -15.981    62.726     0.122E+09
   305    363  326    2     -16.040    62.830     0.147E+09
   306    363  327    2     -16.099    62.935     0.185E+09
   307    363  328    2     -16.159    63.040     0.246E+09
   308    363  329    2     -16.220    63.144     0.278E+09
   309    363  330    2     -16.280    63.249     0.321E+09
   310    363  331    2     -16.342    63.353     0.322E+09
   311    363  332    2     -16.403    63.457     0.346E+09
   312    363  333    2     -16.465    63.562     0.395E+09
   313    363  334    2     -16.528    63.666     0.520E+09
   314    363  335    1     -16.591    63.770     0.206E+07
   315    363  335    2     -16.591    63.770     0.691E+09
   316    363  335    3     -16.591    63.770     0.535E+07
   317    363  336    1     -16.654    63.875     0.209E+08
   318    363  336    2     -16.654    63.875     0.847E+09
   319    363  336    3     -16.654    63.875     0.583E+08
   320    363  337    1     -16.718    63.979     0.466E+08
   321    363  337    2     -16.718    63.979     0.114E+10
   322    363  337    3     -16.718    63.979     0.369E+09
   323    363  338    1     -16.783    64.083     0.819E+08
   324    363  338    2     -16.783    64.083     0.214E+10
   325    363  338    3     -16.783    64.083     0.123E+10
   326    363  339    1     -16.848    64.188     0.133E+09
   327    363  339    2     -16.848    64.188     0.337E+10
   328    363  339    3     -16.848    64.188     0.251E+10
   329    363  340    1     -16.913    64.292     0.173E+09
   330    363  340    2     -16.913    64.292     0.462E+10
   331    363  340    3     -16.913    64.292     0.481E+10
   332    363  341    1     -16.979    64.396     0.106E+09
   333    363  341    2     -16.979    64.396     0.547E+10
   334    363  341    3     -16.979    64.396     0.967E+10
   335    363  342    1     -17.045    64.500     0.189E+07
   336    363  342    2     -17.045    64.500     0.451E+10
   337    363  342    3     -17.045    64.500     0.101E+11
   338    363  343    2     -17.112    64.604     0.112E+10
   339    363  343    3     -17.112    64.604     0.285E+10
   340    364  320    2     -15.467    62.229     0.669E+06
   341    364  321    2     -15.524    62.334     0.167E+08
   342    364  322    2     -15.580    62.439     0.571E+08
   343    364  323    2     -15.637    62.543     0.104E+09
   344    364  324    2     -15.695    62.648     0.143E+09
   345    364  325    2     -15.753    62.753     0.183E+09
   346    364  326    2     -15.811    62.857     0.216E+09
   347    364  327    2     -15.870    62.962     0.250E+09
   348    364  328    2     -15.929    63.067     0.287E+09
   349    364  329    2     -15.988    63.171     0.357E+09
   350    364  330    2     -16.048    63.276     0.430E+09
   351    364  331    2     -16.109    63.380     0.508E+09
   352    364  332    2     -16.169    63.485     0.608E+09
   353    364  332    3     -16.169    63.485     0.669E+06
   354    364  333    2     -16.231    63.589     0.798E+09
   355    364  333    3     -16.231    63.589     0.187E+08
   356    364  334    2     -16.292    63.694     0.121E+10
   357    364  334    3     -16.292    63.694     0.102E+09
   358    364  335    2     -16.355    63.798     0.204E+10
   359    364  335    3     -16.355    63.798     0.292E+09
   360    364  336    2     -16.417    63.903     0.288E+10
   361    364  336    3     -16.417    63.903     0.654E+09
   362    364  337    1     -16.480    64.007     0.781E+06
   363    364  337    2     -16.480    64.007     0.337E+10
   364    364  337    3     -16.480    64.007     0.110E+10
   365    364  338    1     -16.544    64.111     0.205E+07
   366    364  338    2     -16.544    64.111     0.295E+10
   367    364  338    3     -16.544    64.111     0.168E+10
   368    364  339    1     -16.608    64.216     0.892E+06
   369    364  339    2     -16.608    64.216     0.220E+10
   370    364  339    3     -16.608    64.216     0.348E+10
   371    364  340    2     -16.673    64.320     0.128E+10
   372    364  340    3     -16.673    64.320     0.380E+10
   373    364  341    2     -16.738    64.424     0.245E+09
   374    364  341    3     -16.738    64.424     0.884E+09
   375    365  321    2     -15.298    62.360     0.335E+07
   376    365  322    2     -15.354    62.465     0.215E+08
   377    365  323    2     -15.410    62.569     0.650E+08
   378    365  324    2     -15.467    62.674     0.125E+09
   379    365  325    2     -15.524    62.779     0.222E+09
   380    365  326    2     -15.581    62.884     0.324E+09
   381    365  327    2     -15.639    62.989     0.441E+09
   382    365  328    2     -15.698    63.093     0.610E+09
   383    365  329    2     -15.756    63.198     0.820E+09
   384    365  330    2     -15.815    63.303     0.101E+10
   385    365  331    2     -15.875    63.407     0.124E+10
   386    365  331    3     -15.875    63.407     0.134E+07
   387    365  332    2     -15.935    63.512     0.159E+10
   388    365  332    3     -15.935    63.512     0.201E+08
   389    365  333    2     -15.996    63.616     0.184E+10
   390    365  333    3     -15.996    63.616     0.590E+08
   391    365  334    2     -16.056    63.721     0.174E+10
   392    365  334    3     -16.056    63.721     0.730E+08
   393    365  335    2     -16.118    63.826     0.120E+10
   394    365  335    3     -16.118    63.826     0.563E+08
   395    365  336    2     -16.180    63.930     0.614E+09
   396    365  336    3     -16.180    63.930     0.100E+08
   397    365  337    2     -16.242    64.035     0.229E+09
   398    365  337    3     -16.242    64.035     0.298E+09
   399    365  338    2     -16.305    64.139     0.509E+08
   400    365  338    3     -16.305    64.139     0.129E+10
   401    365  339    2     -16.368    64.243     0.268E+07
   402    365  339    3     -16.368    64.243     0.535E+09
   403    365  340    3     -16.432    64.348     0.870E+07
   404    366  323    2     -15.182    62.595     0.669E+06
   405    366  324    2     -15.238    62.700     0.114E+08
   406    366  325    2     -15.295    62.805     0.234E+08
   407    366  326    2     -15.351    62.910     0.611E+08
   408    366  327    2     -15.408    63.015     0.946E+08
   409    366  328    2     -15.466    63.120     0.139E+09
   410    366  329    2     -15.524    63.224     0.183E+09
   411    366  330    2     -15.582    63.329     0.244E+09
   412    366  331    2     -15.641    63.434     0.257E+09
   413    366  331    3     -15.641    63.434     0.335E+07
   414    366  332    2     -15.700    63.539     0.162E+09
   415    366  332    3     -15.700    63.539     0.201E+07
   416    366  333    2     -15.760    63.643     0.308E+08
   417    366  333    3     -15.760    63.643     0.134E+07
   418    366  334    2     -15.820    63.748     0.268E+07
   419    366  336    3     -15.942    63.957     0.134E+07
   420    366  337    3     -16.003    64.062     0.102E+09
   421    366  338    3     -16.065    64.166     0.147E+08
   422    367  326    2     -15.121    62.936     0.669E+06
   423    367  327    2     -15.177    63.041     0.273E+07
   424    367  328    2     -15.234    63.145     0.155E+08
   425    367  329    2     -15.291    63.250     0.194E+08
   426    367  330    2     -15.349    63.355     0.468E+07
   427    367  331    2     -15.407    63.460     0.669E+06
