2012100300
  1449 - non zero grids
     1    333  327    1     -22.779    61.957     0.618E+06
     2    333  328    1     -22.860    62.058     0.124E+07
     3    334  328    1     -22.644    62.095     0.247E+07
     4    334  329    1     -22.725    62.197     0.185E+07
     5    335  329    1     -22.508    62.234     0.185E+07
     6    335  330    1     -22.588    62.336     0.432E+07
     7    335  331    1     -22.670    62.437     0.367E+07
     8    336  328    1     -22.210    62.170     0.657E+06
     9    336  329    1     -22.290    62.272     0.197E+07
    10    336  330    1     -22.370    62.373     0.606E+06
    11    336  331    1     -22.451    62.474     0.493E+07
    12    336  332    1     -22.532    62.576     0.735E+07
    13    337  328    1     -21.993    62.207     0.578E+06
    14    337  329    1     -22.072    62.309     0.263E+07
    15    337  330    1     -22.151    62.410     0.510E+07
    16    337  331    1     -22.231    62.512     0.114E+08
    17    337  332    1     -22.312    62.613     0.716E+07
    18    337  333    1     -22.393    62.714     0.797E+07
    19    338  328    1     -21.775    62.243     0.233E+07
    20    338  329    1     -21.853    62.345     0.231E+07
    21    338  330    1     -21.932    62.447     0.247E+07
    22    338  331    1     -22.011    62.548     0.636E+07
    23    338  332    1     -22.091    62.650     0.161E+08
    24    338  333    1     -22.171    62.751     0.708E+07
    25    338  334    1     -22.252    62.853     0.859E+07
    26    339  328    1     -21.556    62.280     0.117E+07
    27    339  329    1     -21.634    62.381     0.345E+07
    28    339  330    1     -21.712    62.483     0.288E+07
    29    339  331    1     -21.790    62.585     0.173E+07
    30    339  332    1     -21.870    62.687     0.699E+07
    31    339  333    1     -21.949    62.788     0.211E+08
    32    339  334    1     -22.030    62.890     0.193E+08
    33    339  335    1     -22.111    62.991     0.918E+07
    34    340  329    1     -21.414    62.417     0.117E+07
    35    340  330    1     -21.491    62.519     0.123E+08
    36    340  331    1     -21.569    62.621     0.867E+07
    37    340  332    1     -21.648    62.723     0.534E+07
    38    340  333    1     -21.727    62.825     0.123E+08
    39    340  334    1     -21.807    62.926     0.241E+08
    40    340  335    1     -21.887    63.028     0.262E+08
    41    340  336    1     -21.967    63.130     0.795E+07
    42    341  330    1     -21.270    62.555     0.583E+06
    43    341  331    1     -21.348    62.657     0.199E+08
    44    341  332    1     -21.425    62.759     0.100E+08
    45    341  333    1     -21.504    62.861     0.529E+07
    46    341  334    1     -21.583    62.963     0.138E+08
    47    341  335    1     -21.662    63.064     0.456E+08
    48    341  336    1     -21.742    63.166     0.270E+08
    49    341  337    1     -21.823    63.268     0.548E+07
    50    342  331    1     -21.125    62.692     0.344E+07
    51    342  332    1     -21.203    62.794     0.327E+08
    52    342  333    1     -21.280    62.896     0.172E+08
    53    342  334    1     -21.359    62.998     0.395E+07
    54    342  335    1     -21.437    63.100     0.176E+08
    55    342  336    1     -21.517    63.202     0.618E+08
    56    342  337    1     -21.597    63.304     0.273E+08
    57    342  338    1     -21.677    63.406     0.593E+06
    58    343  331    1     -20.903    62.727     0.541E+06
    59    343  332    1     -20.979    62.830     0.147E+08
    60    343  333    1     -21.056    62.932     0.432E+08
    61    343  334    1     -21.134    63.034     0.297E+08
    62    343  335    1     -21.212    63.136     0.286E+08
    63    343  336    1     -21.290    63.238     0.304E+08
    64    343  337    1     -21.370    63.340     0.663E+08
    65    343  338    1     -21.449    63.442     0.144E+08
    66    344  333    1     -20.832    62.967     0.171E+08
    67    344  334    1     -20.908    63.069     0.474E+08
    68    344  335    1     -20.986    63.171     0.291E+08
    69    344  336    1     -21.064    63.273     0.290E+08
    70    344  337    1     -21.142    63.375     0.551E+08
    71    344  338    1     -21.221    63.477     0.523E+08
    72    345  334    1     -20.682    63.104     0.230E+08
    73    345  335    1     -20.759    63.206     0.606E+08
    74    345  336    1     -20.836    63.308     0.444E+08
    75    345  337    1     -20.914    63.410     0.592E+08
    76    345  338    1     -20.993    63.513     0.911E+08
    77    345  339    1     -21.071    63.615     0.895E+07
    78    346  330    1     -20.157    62.728     0.283E+07
    79    346  331    1     -20.231    62.831     0.281E+07
    80    346  334    1     -20.456    63.138     0.358E+07
    81    346  335    1     -20.532    63.241     0.484E+08
    82    346  336    1     -20.609    63.343     0.891E+08
    83    346  337    1     -20.686    63.445     0.698E+08
    84    346  338    1     -20.763    63.548     0.111E+09
    85    346  339    1     -20.841    63.650     0.359E+08
    86    347  327    1     -19.717    62.453     0.460E+06
    87    347  328    1     -19.788    62.556     0.196E+07
    88    347  330    1     -19.933    62.762     0.908E+07
    89    347  331    1     -20.006    62.864     0.183E+08
    90    347  332    1     -20.080    62.967     0.508E+07
    91    347  333    1     -20.154    63.070     0.352E+07
    92    347  334    1     -20.229    63.172     0.260E+08
    93    347  335    1     -20.304    63.275     0.486E+08
    94    347  336    1     -20.380    63.377     0.725E+08
    95    347  337    1     -20.456    63.480     0.104E+09
    96    347  338    1     -20.533    63.582     0.130E+09
    97    347  339    1     -20.611    63.684     0.727E+08
    98    348  326    1     -19.424    62.383     0.242E+07
    99    348  327    1     -19.494    62.486     0.290E+08
   100    348  328    1     -19.565    62.589     0.280E+08
   101    348  329    1     -19.637    62.692     0.844E+07
   102    348  331    1     -19.781    62.898     0.498E+08
   103    348  332    1     -19.854    63.000     0.273E+08
   104    348  333    1     -19.928    63.103     0.270E+08
   105    348  334    1     -20.002    63.206     0.337E+08
   106    348  335    1     -20.076    63.308     0.336E+08
   107    348  336    1     -20.151    63.411     0.549E+08
   108    348  337    1     -20.227    63.514     0.138E+09
   109    348  338    1     -20.303    63.616     0.171E+09
   110    348  339    1     -20.380    63.719     0.137E+09
   111    349  301    2     -17.600    59.828     0.669E+06
   112    349  302    1     -17.659    59.932     0.268E+07
   113    349  302    2     -17.659    59.932     0.134E+07
   114    349  303    1     -17.719    60.036     0.100E+08
   115    349  303    2     -17.719    60.036     0.206E+07
   116    349  304    1     -17.779    60.140     0.402E+07
   117    349  304    2     -17.779    60.140     0.223E+07
   118    349  305    1     -17.839    60.244     0.402E+07
   119    349  306    1     -17.900    60.347     0.669E+06
   120    349  316    1     -18.529    61.383     0.441E+07
   121    349  317    1     -18.594    61.486     0.635E+07
   122    349  326    1     -19.201    62.416     0.279E+07
   123    349  327    1     -19.271    62.519     0.846E+08
   124    349  328    1     -19.341    62.622     0.127E+09
   125    349  329    1     -19.412    62.725     0.594E+08
   126    349  330    1     -19.483    62.828     0.158E+08
   127    349  331    1     -19.555    62.931     0.467E+08
   128    349  332    1     -19.627    63.033     0.700E+08
   129    349  333    1     -19.700    63.136     0.413E+08
   130    349  334    1     -19.774    63.239     0.678E+08
   131    349  335    1     -19.847    63.342     0.910E+08
   132    349  336    1     -19.922    63.445     0.130E+09
   133    349  337    1     -19.997    63.547     0.215E+09
   134    349  338    1     -20.072    63.650     0.232E+09
   135    349  339    1     -20.148    63.753     0.193E+09
   136    349  340    1     -20.224    63.855     0.298E+07
   137    350  299    2     -17.278    59.650     0.201E+07
   138    350  300    1     -17.336    59.754     0.669E+06
   139    350  300    2     -17.336    59.754     0.694E+06
   140    350  301    1     -17.394    59.858     0.535E+07
   141    350  301    2     -17.394    59.858     0.337E+07
   142    350  302    1     -17.452    59.962     0.248E+08
   143    350  302    2     -17.452    59.962     0.268E+08
   144    350  303    1     -17.511    60.066     0.629E+08
   145    350  303    2     -17.511    60.066     0.555E+08
   146    350  304    1     -17.571    60.170     0.133E+09
   147    350  304    2     -17.571    60.170     0.531E+08
   148    350  305    1     -17.630    60.273     0.140E+09
   149    350  305    2     -17.630    60.273     0.149E+08
   150    350  306    1     -17.690    60.377     0.114E+09
   151    350  306    2     -17.690    60.377     0.107E+08
   152    350  307    1     -17.751    60.481     0.698E+08
   153    350  308    1     -17.812    60.585     0.422E+08
   154    350  309    1     -17.873    60.689     0.167E+08
   155    350  310    1     -17.935    60.792     0.141E+08
   156    350  311    1     -17.997    60.896     0.107E+08
   157    350  312    1     -18.059    61.000     0.114E+08
   158    350  313    1     -18.122    61.103     0.803E+07
   159    350  314    1     -18.185    61.207     0.161E+08
   160    350  315    1     -18.249    61.310     0.148E+08
   161    350  316    1     -18.313    61.414     0.268E+07
   162    350  317    1     -18.378    61.517     0.622E+07
   163    350  318    1     -18.443    61.621     0.903E+07
   164    350  319    1     -18.508    61.724     0.124E+08
   165    350  320    1     -18.574    61.828     0.134E+07
   166    350  326    1     -18.979    62.448     0.229E+08
   167    350  327    1     -19.048    62.551     0.159E+09
   168    350  328    1     -19.117    62.654     0.313E+09
   169    350  329    1     -19.187    62.757     0.292E+09
   170    350  330    1     -19.258    62.860     0.119E+09
   171    350  331    1     -19.329    62.963     0.841E+08
   172    350  332    1     -19.400    63.066     0.136E+09
   173    350  333    1     -19.472    63.169     0.113E+09
   174    350  334    1     -19.545    63.272     0.775E+08
   175    350  335    1     -19.618    63.375     0.107E+09
   176    350  336    1     -19.692    63.478     0.165E+09
   177    350  337    1     -19.766    63.581     0.202E+09
   178    350  338    1     -19.840    63.683     0.290E+09
   179    350  339    1     -19.916    63.786     0.236E+09
   180    351  296    2     -16.903    59.366     0.669E+06
   181    351  297    2     -16.959    59.471     0.201E+07
   182    351  298    2     -17.015    59.575     0.602E+07
   183    351  299    2     -17.072    59.679     0.127E+08
   184    351  300    2     -17.129    59.783     0.308E+08
   185    351  301    1     -17.187    59.887     0.602E+07
   186    351  301    2     -17.187    59.887     0.349E+08
   187    351  302    1     -17.245    59.991     0.120E+08
   188    351  302    2     -17.245    59.991     0.517E+08
   189    351  303    1     -17.303    60.095     0.496E+08
   190    351  303    2     -17.303    60.095     0.857E+08
   191    351  304    1     -17.362    60.199     0.103E+09
   192    351  304    2     -17.362    60.199     0.113E+09
   193    351  305    1     -17.421    60.303     0.214E+09
   194    351  305    2     -17.421    60.303     0.119E+09
   195    351  306    1     -17.481    60.407     0.312E+09
   196    351  306    2     -17.481    60.407     0.858E+08
   197    351  307    1     -17.540    60.511     0.379E+09
   198    351  307    2     -17.540    60.511     0.485E+08
   199    351  308    1     -17.601    60.615     0.375E+09
   200    351  308    2     -17.601    60.615     0.196E+08
   201    351  309    1     -17.661    60.718     0.308E+09
   202    351  309    2     -17.661    60.718     0.932E+07
   203    351  310    1     -17.722    60.822     0.226E+09
   204    351  310    2     -17.722    60.822     0.203E+07
   205    351  311    1     -17.784    60.926     0.130E+09
   206    351  312    1     -17.845    61.030     0.757E+08
   207    351  313    1     -17.908    61.133     0.624E+08
   208    351  314    1     -17.970    61.237     0.348E+08
   209    351  315    1     -18.033    61.341     0.342E+08
   210    351  316    1     -18.097    61.444     0.437E+08
   211    351  317    1     -18.161    61.548     0.276E+08
   212    351  318    1     -18.225    61.652     0.168E+08
   213    351  319    1     -18.290    61.755     0.167E+08
   214    351  320    1     -18.355    61.859     0.195E+08
   215    351  321    1     -18.420    61.962     0.184E+08
   216    351  322    1     -18.487    62.066     0.312E+08
   217    351  323    1     -18.553    62.169     0.201E+08
   218    351  324    1     -18.620    62.273     0.468E+07
   219    351  325    1     -18.687    62.376     0.535E+06
   220    351  326    1     -18.755    62.479     0.386E+08
   221    351  327    1     -18.824    62.582     0.239E+09
   222    351  328    1     -18.893    62.686     0.388E+09
   223    351  329    1     -18.962    62.789     0.432E+09
   224    351  330    1     -19.032    62.892     0.426E+09
   225    351  331    1     -19.102    62.995     0.179E+09
   226    351  332    1     -19.173    63.098     0.165E+09
   227    351  333    1     -19.244    63.202     0.136E+09
   228    351  334    1     -19.316    63.305     0.121E+09
   229    351  335    1     -19.388    63.408     0.132E+09
   230    351  336    1     -19.461    63.511     0.182E+09
   231    351  337    1     -19.534    63.614     0.296E+09
   232    351  338    1     -19.608    63.716     0.434E+09
   233    351  339    1     -19.683    63.819     0.360E+09
   234    352  295    2     -16.643    59.290     0.201E+07
   235    352  296    2     -16.699    59.395     0.127E+08
   236    352  297    2     -16.754    59.499     0.241E+08
   237    352  298    2     -16.810    59.603     0.248E+08
   238    352  299    2     -16.866    59.707     0.215E+08
   239    352  300    2     -16.923    59.812     0.442E+08
   240    352  301    1     -16.980    59.916     0.268E+07
   241    352  301    2     -16.980    59.916     0.656E+08
   242    352  302    1     -17.037    60.020     0.107E+08
   243    352  302    2     -17.037    60.020     0.903E+08
   244    352  303    1     -17.095    60.124     0.201E+08
   245    352  303    2     -17.095    60.124     0.106E+09
   246    352  304    1     -17.153    60.228     0.428E+08
   247    352  304    2     -17.153    60.228     0.135E+09
   248    352  305    1     -17.212    60.332     0.980E+08
   249    352  305    2     -17.212    60.332     0.154E+09
   250    352  306    1     -17.270    60.436     0.197E+09
   251    352  306    2     -17.270    60.436     0.155E+09
   252    352  307    1     -17.330    60.540     0.268E+09
   253    352  307    2     -17.330    60.540     0.138E+09
   254    352  308    1     -17.389    60.644     0.414E+09
   255    352  308    2     -17.389    60.644     0.129E+09
   256    352  309    1     -17.449    60.748     0.544E+09
   257    352  309    2     -17.449    60.748     0.982E+08
   258    352  310    1     -17.509    60.852     0.641E+09
   259    352  310    2     -17.509    60.852     0.643E+08
   260    352  311    1     -17.570    60.956     0.641E+09
   261    352  311    2     -17.570    60.956     0.250E+08
   262    352  312    1     -17.631    61.060     0.596E+09
   263    352  312    2     -17.631    61.060     0.113E+08
   264    352  313    1     -17.693    61.163     0.413E+09
   265    352  313    2     -17.693    61.163     0.424E+07
   266    352  314    1     -17.755    61.267     0.263E+09
   267    352  315    1     -17.817    61.371     0.154E+09
   268    352  316    1     -17.880    61.475     0.958E+08
   269    352  317    1     -17.943    61.578     0.877E+08
   270    352  318    1     -18.007    61.682     0.784E+08
   271    352  319    1     -18.071    61.786     0.711E+08
   272    352  320    1     -18.135    61.889     0.436E+08
   273    352  321    1     -18.200    61.993     0.475E+08
   274    352  322    1     -18.266    62.097     0.573E+08
   275    352  323    1     -18.331    62.200     0.626E+08
   276    352  324    1     -18.398    62.304     0.423E+08
   277    352  325    1     -18.464    62.407     0.433E+08
   278    352  326    1     -18.532    62.510     0.781E+08
   279    352  327    1     -18.599    62.614     0.274E+09
   280    352  328    1     -18.667    62.717     0.514E+09
   281    352  329    1     -18.736    62.821     0.593E+09
   282    352  330    1     -18.805    62.924     0.557E+09
   283    352  331    1     -18.875    63.027     0.548E+09
   284    352  332    1     -18.945    63.130     0.299E+09
   285    352  333    1     -19.015    63.234     0.212E+09
   286    352  334    1     -19.086    63.337     0.225E+09
   287    352  335    1     -19.158    63.440     0.198E+09
   288    352  336    1     -19.230    63.543     0.222E+09
   289    352  337    1     -19.303    63.646     0.318E+09
   290    352  338    1     -19.376    63.749     0.548E+09
   291    352  339    1     -19.449    63.852     0.356E+09
   292    353  295    2     -16.440    59.318     0.471E+07
   293    353  296    2     -16.494    59.423     0.187E+08
   294    353  297    2     -16.549    59.527     0.335E+08
   295    353  298    1     -16.605    59.631     0.134E+07
   296    353  298    2     -16.605    59.631     0.613E+08
   297    353  299    2     -16.660    59.736     0.709E+08
   298    353  300    1     -16.716    59.840     0.669E+06
   299    353  300    2     -16.716    59.840     0.435E+08
   300    353  301    1     -16.773    59.944     0.468E+07
   301    353  301    2     -16.773    59.944     0.543E+08
   302    353  302    1     -16.829    60.048     0.335E+07
   303    353  302    2     -16.829    60.048     0.797E+08
   304    353  303    1     -16.886    60.153     0.268E+07
   305    353  303    2     -16.886    60.153     0.121E+09
   306    353  304    1     -16.944    60.257     0.154E+08
   307    353  304    2     -16.944    60.257     0.145E+09
   308    353  305    1     -17.002    60.361     0.321E+08
   309    353  305    2     -17.002    60.361     0.181E+09
   310    353  306    1     -17.060    60.465     0.736E+08
   311    353  306    2     -17.060    60.465     0.203E+09
   312    353  307    1     -17.118    60.569     0.155E+09
   313    353  307    2     -17.118    60.569     0.200E+09
   314    353  308    1     -17.177    60.673     0.232E+09
   315    353  308    2     -17.177    60.673     0.192E+09
   316    353  309    1     -17.237    60.777     0.316E+09
   317    353  309    2     -17.237    60.777     0.173E+09
   318    353  310    1     -17.296    60.881     0.430E+09
   319    353  310    2     -17.296    60.881     0.158E+09
   320    353  311    1     -17.356    60.985     0.572E+09
   321    353  311    2     -17.356    60.985     0.131E+09
   322    353  312    1     -17.417    61.089     0.715E+09
   323    353  312    2     -17.417    61.089     0.107E+09
   324    353  313    1     -17.478    61.193     0.890E+09
   325    353  313    2     -17.478    61.193     0.763E+08
   326    353  314    1     -17.539    61.297     0.934E+09
   327    353  314    2     -17.539    61.297     0.381E+08
   328    353  315    1     -17.601    61.401     0.833E+09
   329    353  315    2     -17.601    61.401     0.162E+08
   330    353  316    1     -17.663    61.505     0.594E+09
   331    353  316    2     -17.663    61.505     0.756E+07
   332    353  317    1     -17.725    61.608     0.357E+09
   333    353  317    2     -17.725    61.608     0.134E+07
   334    353  318    1     -17.788    61.712     0.223E+09
   335    353  319    1     -17.852    61.816     0.181E+09
   336    353  320    1     -17.915    61.920     0.194E+09
   337    353  321    1     -17.980    62.023     0.155E+09
   338    353  322    1     -18.044    62.127     0.147E+09
   339    353  323    1     -18.109    62.231     0.113E+09
   340    353  324    1     -18.175    62.334     0.117E+09
   341    353  325    1     -18.241    62.438     0.139E+09
   342    353  326    1     -18.307    62.541     0.285E+09
   343    353  327    1     -18.374    62.645     0.448E+09
   344    353  328    1     -18.442    62.748     0.611E+09
   345    353  329    1     -18.510    62.852     0.783E+09
   346    353  330    1     -18.578    62.955     0.797E+09
   347    353  331    1     -18.647    63.059     0.745E+09
   348    353  332    1     -18.716    63.162     0.756E+09
   349    353  333    1     -18.786    63.265     0.427E+09
   350    353  334    1     -18.856    63.369     0.246E+09
   351    353  335    1     -18.927    63.472     0.320E+09
   352    353  336    1     -18.998    63.575     0.400E+09
   353    353  337    1     -19.070    63.678     0.507E+09
   354    353  338    1     -19.143    63.781     0.533E+09
   355    353  339    1     -19.215    63.884     0.429E+09
   356    354  294    2     -16.182    59.241     0.134E+07
   357    354  295    2     -16.236    59.346     0.134E+08
   358    354  296    2     -16.290    59.450     0.342E+08
   359    354  297    2     -16.344    59.555     0.375E+08
   360    354  298    2     -16.399    59.659     0.465E+08
   361    354  299    2     -16.454    59.764     0.600E+08
   362    354  300    1     -16.509    59.868     0.669E+06
   363    354  300    2     -16.509    59.868     0.936E+08
   364    354  301    1     -16.565    59.972     0.268E+07
   365    354  301    2     -16.565    59.972     0.106E+09
   366    354  302    1     -16.621    60.077     0.134E+07
   367    354  302    2     -16.621    60.077     0.784E+08
   368    354  303    1     -16.677    60.181     0.602E+07
   369    354  303    2     -16.677    60.181     0.871E+08
   370    354  304    1     -16.734    60.285     0.127E+08
   371    354  304    2     -16.734    60.285     0.123E+09
   372    354  305    1     -16.791    60.389     0.194E+08
   373    354  305    2     -16.791    60.389     0.159E+09
   374    354  306    1     -16.849    60.493     0.381E+08
   375    354  306    2     -16.849    60.493     0.222E+09
   376    354  307    1     -16.907    60.598     0.563E+08
   377    354  307    2     -16.907    60.598     0.251E+09
   378    354  308    1     -16.965    60.702     0.108E+09
   379    354  308    2     -16.965    60.702     0.263E+09
   380    354  309    1     -17.024    60.806     0.206E+09
   381    354  309    2     -17.024    60.806     0.237E+09
   382    354  310    1     -17.083    60.910     0.247E+09
   383    354  310    2     -17.083    60.910     0.234E+09
   384    354  311    1     -17.142    61.014     0.341E+09
   385    354  311    2     -17.142    61.014     0.245E+09
   386    354  312    1     -17.202    61.118     0.456E+09
   387    354  312    2     -17.202    61.118     0.202E+09
   388    354  313    1     -17.262    61.222     0.557E+09
   389    354  313    2     -17.262    61.222     0.174E+09
   390    354  314    1     -17.323    61.326     0.711E+09
   391    354  314    2     -17.323    61.326     0.149E+09
   392    354  315    1     -17.384    61.430     0.911E+09
   393    354  315    2     -17.384    61.430     0.124E+09
   394    354  316    1     -17.445    61.534     0.115E+10
   395    354  316    2     -17.445    61.534     0.955E+08
   396    354  317    1     -17.507    61.638     0.125E+10
   397    354  317    2     -17.507    61.638     0.508E+08
   398    354  318    1     -17.569    61.742     0.110E+10
   399    354  318    2     -17.569    61.742     0.215E+08
   400    354  319    1     -17.632    61.846     0.745E+09
   401    354  319    2     -17.632    61.846     0.776E+07
   402    354  320    1     -17.695    61.950     0.501E+09
   403    354  320    2     -17.695    61.950     0.535E+07
   404    354  321    1     -17.758    62.053     0.375E+09
   405    354  321    2     -17.758    62.053     0.134E+07
   406    354  322    1     -17.822    62.157     0.329E+09
   407    354  323    1     -17.887    62.261     0.315E+09
   408    354  324    1     -17.952    62.365     0.281E+09
   409    354  325    1     -18.017    62.468     0.325E+09
   410    354  326    1     -18.083    62.572     0.416E+09
   411    354  327    1     -18.149    62.676     0.603E+09
   412    354  328    1     -18.215    62.779     0.847E+09
   413    354  329    1     -18.283    62.883     0.107E+10
   414    354  330    1     -18.350    62.986     0.114E+10
   415    354  331    1     -18.418    63.090     0.118E+10
   416    354  332    1     -18.487    63.193     0.111E+10
   417    354  333    1     -18.556    63.297     0.933E+09
   418    354  334    1     -18.626    63.400     0.525E+09
   419    354  335    1     -18.696    63.503     0.347E+09
   420    354  336    1     -18.766    63.607     0.516E+09
   421    354  337    1     -18.837    63.710     0.550E+09
   422    354  338    1     -18.909    63.813     0.566E+09
   423    354  339    1     -18.981    63.917     0.511E+09
   424    354  340    1     -19.054    64.020     0.502E+07
   425    355  294    2     -15.978    59.269     0.669E+06
   426    355  295    2     -16.031    59.373     0.201E+08
   427    355  296    2     -16.085    59.478     0.428E+08
   428    355  297    1     -16.138    59.582     0.134E+07
   429    355  297    2     -16.138    59.582     0.576E+08
   430    355  298    1     -16.192    59.687     0.669E+06
   431    355  298    2     -16.192    59.687     0.743E+08
   432    355  299    2     -16.247    59.791     0.784E+08
   433    355  300    2     -16.302    59.896     0.750E+08
   434    355  301    1     -16.357    60.000     0.134E+07
   435    355  301    2     -16.357    60.000     0.863E+08
   436    355  302    1     -16.412    60.104     0.268E+07
   437    355  302    2     -16.412    60.104     0.141E+09
   438    355  303    1     -16.468    60.209     0.268E+07
   439    355  303    2     -16.468    60.209     0.140E+09
   440    355  304    1     -16.524    60.313     0.335E+07
   441    355  304    2     -16.524    60.313     0.132E+09
   442    355  305    1     -16.581    60.417     0.535E+07
   443    355  305    2     -16.581    60.417     0.136E+09
   444    355  306    1     -16.637    60.522     0.114E+08
   445    355  306    2     -16.637    60.522     0.144E+09
   446    355  307    1     -16.695    60.626     0.342E+08
   447    355  307    2     -16.695    60.626     0.193E+09
   448    355  308    1     -16.752    60.730     0.510E+08
   449    355  308    2     -16.752    60.730     0.229E+09
   450    355  309    1     -16.810    60.834     0.884E+08
   451    355  309    2     -16.810    60.834     0.266E+09
   452    355  310    1     -16.869    60.939     0.146E+09
   453    355  310    2     -16.869    60.939     0.286E+09
   454    355  311    1     -16.927    61.043     0.206E+09
   455    355  311    2     -16.927    61.043     0.291E+09
   456    355  312    1     -16.987    61.147     0.277E+09
   457    355  312    2     -16.987    61.147     0.277E+09
   458    355  313    1     -17.046    61.251     0.384E+09
   459    355  313    2     -17.046    61.251     0.258E+09
   460    355  314    1     -17.106    61.355     0.468E+09
   461    355  314    2     -17.106    61.355     0.249E+09
   462    355  315    1     -17.166    61.459     0.537E+09
   463    355  315    2     -17.166    61.459     0.239E+09
   464    355  316    1     -17.227    61.563     0.703E+09
   465    355  316    2     -17.227    61.563     0.201E+09
   466    355  317    1     -17.288    61.667     0.876E+09
   467    355  317    2     -17.288    61.667     0.173E+09
   468    355  318    1     -17.350    61.771     0.116E+10
   469    355  318    2     -17.350    61.771     0.140E+09
   470    355  319    1     -17.412    61.875     0.149E+10
   471    355  319    2     -17.412    61.875     0.114E+09
   472    355  320    1     -17.474    61.979     0.144E+10
   473    355  320    2     -17.474    61.979     0.809E+08
   474    355  321    1     -17.537    62.083     0.116E+10
   475    355  321    2     -17.537    62.083     0.495E+08
   476    355  322    1     -17.600    62.187     0.839E+09
   477    355  322    2     -17.600    62.187     0.183E+08
   478    355  323    1     -17.664    62.291     0.602E+09
   479    355  323    2     -17.664    62.291     0.870E+07
   480    355  324    1     -17.728    62.395     0.528E+09
   481    355  324    2     -17.728    62.395     0.468E+07
   482    355  325    1     -17.792    62.498     0.496E+09
   483    355  326    1     -17.857    62.602     0.636E+09
   484    355  327    1     -17.923    62.706     0.780E+09
   485    355  328    1     -17.989    62.810     0.868E+09
   486    355  329    1     -18.055    62.913     0.106E+10
   487    355  330    1     -18.122    63.017     0.125E+10
   488    355  331    1     -18.189    63.121     0.138E+10
   489    355  332    1     -18.257    63.224     0.145E+10
   490    355  333    1     -18.326    63.328     0.136E+10
   491    355  334    1     -18.394    63.431     0.912E+09
   492    355  335    1     -18.464    63.535     0.497E+09
   493    355  336    1     -18.534    63.638     0.665E+09
   494    355  337    1     -18.604    63.741     0.943E+09
   495    355  338    1     -18.675    63.845     0.103E+10
   496    355  339    1     -18.746    63.948     0.792E+09
   497    355  340    1     -18.818    64.051     0.756E+08
   498    356  295    2     -15.827    59.400     0.535E+07
   499    356  296    2     -15.879    59.505     0.483E+08
   500    356  297    2     -15.932    59.609     0.697E+08
   501    356  298    2     -15.986    59.714     0.857E+08
   502    356  299    2     -16.040    59.818     0.112E+09
   503    356  300    2     -16.094    59.923     0.113E+09
   504    356  301    2     -16.148    60.027     0.121E+09
   505    356  302    2     -16.203    60.132     0.105E+09
   506    356  303    1     -16.258    60.236     0.669E+06
   507    356  303    2     -16.258    60.236     0.131E+09
   508    356  304    1     -16.314    60.341     0.201E+07
   509    356  304    2     -16.314    60.341     0.159E+09
   510    356  305    1     -16.370    60.445     0.402E+07
   511    356  305    2     -16.370    60.445     0.196E+09
   512    356  306    1     -16.426    60.550     0.468E+07
   513    356  306    2     -16.426    60.550     0.204E+09
   514    356  307    1     -16.482    60.654     0.873E+07
   515    356  307    2     -16.482    60.654     0.200E+09
   516    356  308    1     -16.539    60.758     0.207E+08
   517    356  308    2     -16.539    60.758     0.198E+09
   518    356  309    1     -16.597    60.863     0.349E+08
   519    356  309    2     -16.597    60.863     0.213E+09
   520    356  310    1     -16.654    60.967     0.763E+08
   521    356  310    2     -16.654    60.967     0.234E+09
   522    356  311    1     -16.712    61.071     0.897E+08
   523    356  311    2     -16.712    61.071     0.267E+09
   524    356  312    1     -16.771    61.175     0.132E+09
   525    356  312    2     -16.771    61.175     0.298E+09
   526    356  313    1     -16.830    61.280     0.192E+09
   527    356  313    2     -16.830    61.280     0.316E+09
   528    356  314    1     -16.889    61.384     0.298E+09
   529    356  314    2     -16.889    61.384     0.328E+09
   530    356  315    1     -16.948    61.488     0.390E+09
   531    356  315    2     -16.948    61.488     0.300E+09
   532    356  316    1     -17.009    61.592     0.455E+09
   533    356  316    2     -17.009    61.592     0.290E+09
   534    356  317    1     -17.069    61.696     0.542E+09
   535    356  317    2     -17.069    61.696     0.281E+09
   536    356  318    1     -17.130    61.800     0.709E+09
   537    356  318    2     -17.130    61.800     0.273E+09
   538    356  319    1     -17.191    61.904     0.874E+09
   539    356  319    2     -17.191    61.904     0.238E+09
   540    356  320    1     -17.253    62.008     0.118E+10
   541    356  320    2     -17.253    62.008     0.201E+09
   542    356  321    1     -17.315    62.112     0.146E+10
   543    356  321    2     -17.315    62.112     0.176E+09
   544    356  322    1     -17.377    62.216     0.156E+10
   545    356  322    2     -17.377    62.216     0.159E+09
   546    356  323    1     -17.440    62.320     0.149E+10
   547    356  323    2     -17.440    62.320     0.126E+09
   548    356  324    1     -17.504    62.424     0.118E+10
   549    356  324    2     -17.504    62.424     0.431E+08
   550    356  325    1     -17.568    62.528     0.897E+09
   551    356  325    2     -17.568    62.528     0.268E+07
   552    356  326    1     -17.632    62.632     0.830E+09
   553    356  327    1     -17.697    62.736     0.846E+09
   554    356  328    1     -17.762    62.840     0.883E+09
   555    356  329    1     -17.827    62.943     0.961E+09
   556    356  330    1     -17.894    63.047     0.119E+10
   557    356  331    1     -17.960    63.151     0.137E+10
   558    356  332    1     -18.027    63.255     0.151E+10
   559    356  333    1     -18.095    63.358     0.157E+10
   560    356  334    1     -18.163    63.462     0.131E+10
   561    356  335    1     -18.231    63.565     0.787E+09
   562    356  336    1     -18.300    63.669     0.802E+09
   563    356  337    1     -18.370    63.772     0.101E+10
   564    356  338    1     -18.440    63.876     0.143E+10
   565    356  339    1     -18.511    63.979     0.136E+10
   566    356  340    1     -18.582    64.083     0.366E+09
   567    357  295    2     -15.622    59.426     0.669E+06
   568    357  296    2     -15.674    59.531     0.183E+08
   569    357  297    2     -15.726    59.636     0.763E+08
   570    357  298    2     -15.779    59.741     0.116E+09
   571    357  299    2     -15.832    59.845     0.116E+09
   572    357  300    2     -15.886    59.950     0.130E+09
   573    357  301    2     -15.939    60.054     0.138E+09
   574    357  302    2     -15.994    60.159     0.160E+09
   575    357  303    2     -16.048    60.264     0.148E+09
   576    357  304    2     -16.103    60.368     0.154E+09
   577    357  305    2     -16.158    60.473     0.157E+09
   578    357  306    2     -16.214    60.577     0.193E+09
   579    357  307    2     -16.270    60.681     0.219E+09
   580    357  308    1     -16.326    60.786     0.402E+07
   581    357  308    2     -16.326    60.786     0.251E+09
   582    357  309    1     -16.382    60.890     0.141E+08
   583    357  309    2     -16.382    60.890     0.240E+09
   584    357  310    1     -16.439    60.995     0.167E+08
   585    357  310    2     -16.439    60.995     0.255E+09
   586    357  311    1     -16.497    61.099     0.428E+08
   587    357  311    2     -16.497    61.099     0.255E+09
   588    357  312    1     -16.555    61.203     0.609E+08
   589    357  312    2     -16.555    61.203     0.277E+09
   590    357  313    1     -16.613    61.308     0.890E+08
   591    357  313    2     -16.613    61.308     0.287E+09
   592    357  314    1     -16.671    61.412     0.126E+09
   593    357  314    2     -16.671    61.412     0.288E+09
   594    357  315    1     -16.730    61.516     0.200E+09
   595    357  315    2     -16.730    61.516     0.304E+09
   596    357  316    1     -16.790    61.621     0.270E+09
   597    357  316    2     -16.790    61.621     0.321E+09
   598    357  317    1     -16.849    61.725     0.366E+09
   599    357  317    2     -16.849    61.725     0.335E+09
   600    357  318    1     -16.909    61.829     0.464E+09
   601    357  318    2     -16.909    61.829     0.340E+09
   602    357  319    1     -16.970    61.933     0.556E+09
   603    357  319    2     -16.970    61.933     0.330E+09
   604    357  320    1     -17.031    62.037     0.691E+09
   605    357  320    2     -17.031    62.037     0.324E+09
   606    357  321    1     -17.092    62.141     0.852E+09
   607    357  321    2     -17.092    62.141     0.324E+09
   608    357  322    1     -17.154    62.245     0.109E+10
   609    357  322    2     -17.154    62.245     0.283E+09
   610    357  323    1     -17.216    62.349     0.133E+10
   611    357  323    2     -17.216    62.349     0.237E+09
   612    357  324    1     -17.279    62.454     0.160E+10
   613    357  324    2     -17.279    62.454     0.137E+09
   614    357  325    1     -17.342    62.558     0.167E+10
   615    357  325    2     -17.342    62.558     0.685E+08
   616    357  326    1     -17.406    62.661     0.149E+10
   617    357  326    2     -17.406    62.661     0.230E+08
   618    357  327    1     -17.470    62.765     0.117E+10
   619    357  327    2     -17.470    62.765     0.268E+07
   620    357  328    1     -17.534    62.869     0.106E+10
   621    357  329    1     -17.599    62.973     0.113E+10
   622    357  330    1     -17.664    63.077     0.122E+10
   623    357  331    1     -17.730    63.181     0.147E+10
   624    357  332    1     -17.797    63.285     0.168E+10
   625    357  333    1     -17.863    63.388     0.158E+10
   626    357  334    1     -17.931    63.492     0.134E+10
   627    357  335    1     -17.998    63.596     0.131E+10
   628    357  336    1     -18.067    63.700     0.823E+09
   629    357  337    1     -18.135    63.803     0.761E+09
   630    357  338    1     -18.205    63.907     0.113E+10
   631    357  339    1     -18.275    64.010     0.201E+10
   632    357  340    1     -18.345    64.114     0.100E+10
   633    357  341    1     -18.416    64.217     0.121E+08
   634    358  296    2     -15.468    59.557     0.468E+07
   635    358  297    2     -15.520    59.662     0.442E+08
   636    358  298    2     -15.572    59.767     0.101E+09
   637    358  299    2     -15.624    59.872     0.131E+09
   638    358  300    2     -15.677    59.976     0.169E+09
   639    358  301    2     -15.730    60.081     0.160E+09
   640    358  302    2     -15.784    60.186     0.160E+09
   641    358  303    2     -15.838    60.290     0.169E+09
   642    358  304    2     -15.892    60.395     0.188E+09
   643    358  305    2     -15.946    60.500     0.184E+09
   644    358  306    2     -16.001    60.604     0.186E+09
   645    358  307    2     -16.056    60.709     0.199E+09
   646    358  308    1     -16.112    60.813     0.134E+07
   647    358  308    2     -16.112    60.813     0.213E+09
   648    358  309    1     -16.168    60.918     0.736E+07
   649    358  309    2     -16.168    60.918     0.252E+09
   650    358  310    1     -16.224    61.022     0.535E+07
   651    358  310    2     -16.224    61.022     0.282E+09
   652    358  311    1     -16.281    61.127     0.107E+08
   653    358  311    2     -16.281    61.127     0.289E+09
   654    358  312    1     -16.338    61.231     0.214E+08
   655    358  312    2     -16.338    61.231     0.290E+09
   656    358  313    1     -16.396    61.336     0.335E+08
   657    358  313    2     -16.396    61.336     0.290E+09
   658    358  314    1     -16.453    61.440     0.764E+08
   659    358  314    2     -16.453    61.440     0.308E+09
   660    358  315    1     -16.512    61.544     0.952E+08
   661    358  315    2     -16.512    61.544     0.331E+09
   662    358  316    1     -16.570    61.649     0.117E+09
   663    358  316    2     -16.570    61.649     0.344E+09
   664    358  317    1     -16.629    61.753     0.178E+09
   665    358  317    2     -16.629    61.753     0.351E+09
   666    358  318    1     -16.689    61.857     0.247E+09
   667    358  318    2     -16.689    61.857     0.347E+09
   668    358  319    1     -16.749    61.962     0.326E+09
   669    358  319    2     -16.749    61.962     0.330E+09
   670    358  320    1     -16.809    62.066     0.415E+09
   671    358  320    2     -16.809    62.066     0.362E+09
   672    358  321    1     -16.870    62.170     0.519E+09
   673    358  321    2     -16.870    62.170     0.381E+09
   674    358  322    1     -16.931    62.274     0.610E+09
   675    358  322    2     -16.931    62.274     0.372E+09
   676    358  323    1     -16.992    62.378     0.781E+09
   677    358  323    2     -16.992    62.378     0.360E+09
   678    358  324    1     -17.054    62.482     0.993E+09
   679    358  324    2     -17.054    62.482     0.292E+09
   680    358  325    1     -17.116    62.586     0.129E+10
   681    358  325    2     -17.116    62.586     0.209E+09
   682    358  326    1     -17.179    62.691     0.169E+10
   683    358  326    2     -17.179    62.691     0.157E+09
   684    358  327    1     -17.242    62.795     0.201E+10
   685    358  327    2     -17.242    62.795     0.782E+08
   686    358  328    1     -17.306    62.899     0.199E+10
   687    358  328    2     -17.306    62.899     0.201E+08
   688    358  329    1     -17.370    63.003     0.168E+10
   689    358  329    2     -17.370    63.003     0.409E+07
   690    358  330    1     -17.435    63.107     0.140E+10
   691    358  331    1     -17.500    63.210     0.138E+10
   692    358  332    1     -17.566    63.314     0.161E+10
   693    358  333    1     -17.632    63.418     0.178E+10
   694    358  334    1     -17.698    63.522     0.167E+10
   695    358  335    1     -17.765    63.626     0.144E+10
   696    358  336    1     -17.833    63.730     0.125E+10
   697    358  337    1     -17.901    63.833     0.786E+09
   698    358  338    1     -17.969    63.937     0.631E+09
   699    358  339    1     -18.038    64.041     0.141E+10
   700    358  340    1     -18.107    64.144     0.193E+10
   701    358  341    1     -18.177    64.248     0.357E+09
   702    359  297    2     -15.313    59.688     0.870E+07
   703    359  298    2     -15.364    59.793     0.569E+08
   704    359  299    2     -15.416    59.898     0.117E+09
   705    359  300    2     -15.468    60.003     0.142E+09
   706    359  301    2     -15.521    60.107     0.176E+09
   707    359  302    2     -15.573    60.212     0.213E+09
   708    359  303    2     -15.627    60.317     0.218E+09
   709    359  304    2     -15.680    60.422     0.202E+09
   710    359  305    2     -15.734    60.526     0.213E+09
   711    359  306    2     -15.788    60.631     0.218E+09
   712    359  307    2     -15.843    60.736     0.216E+09
   713    359  308    2     -15.898    60.840     0.201E+09
   714    359  309    1     -15.953    60.945     0.535E+07
   715    359  309    2     -15.953    60.945     0.212E+09
   716    359  310    1     -16.009    61.049     0.803E+07
   717    359  310    2     -16.009    61.049     0.225E+09
   718    359  311    1     -16.065    61.154     0.107E+08
   719    359  311    2     -16.065    61.154     0.270E+09
   720    359  312    1     -16.121    61.259     0.108E+08
   721    359  312    2     -16.121    61.259     0.312E+09
   722    359  313    1     -16.178    61.363     0.108E+08
   723    359  313    2     -16.178    61.363     0.359E+09
   724    359  314    1     -16.235    61.467     0.187E+08
   725    359  314    2     -16.235    61.467     0.361E+09
   726    359  315    1     -16.293    61.572     0.543E+08
   727    359  315    2     -16.293    61.572     0.332E+09
   728    359  316    1     -16.351    61.676     0.872E+08
   729    359  316    2     -16.351    61.676     0.322E+09
   730    359  317    1     -16.409    61.781     0.109E+09
   731    359  317    2     -16.409    61.781     0.326E+09
   732    359  318    1     -16.468    61.885     0.129E+09
   733    359  318    2     -16.468    61.885     0.340E+09
   734    359  319    1     -16.527    61.990     0.178E+09
   735    359  319    2     -16.527    61.990     0.410E+09
   736    359  320    1     -16.586    62.094     0.205E+09
   737    359  320    2     -16.586    62.094     0.390E+09
   738    359  321    1     -16.646    62.198     0.284E+09
   739    359  321    2     -16.646    62.198     0.378E+09
   740    359  322    1     -16.707    62.302     0.368E+09
   741    359  322    2     -16.707    62.302     0.362E+09
   742    359  323    1     -16.767    62.407     0.441E+09
   743    359  323    2     -16.767    62.407     0.345E+09
   744    359  324    1     -16.829    62.511     0.606E+09
   745    359  324    2     -16.829    62.511     0.305E+09
   746    359  325    1     -16.890    62.615     0.787E+09
   747    359  325    2     -16.890    62.615     0.313E+09
   748    359  326    1     -16.952    62.719     0.100E+10
   749    359  326    2     -16.952    62.719     0.275E+09
   750    359  327    1     -17.015    62.823     0.125E+10
   751    359  327    2     -17.015    62.823     0.232E+09
   752    359  328    1     -17.078    62.928     0.153E+10
   753    359  328    2     -17.078    62.928     0.163E+09
   754    359  329    1     -17.141    63.032     0.195E+10
   755    359  329    2     -17.141    63.032     0.863E+08
   756    359  330    1     -17.205    63.136     0.232E+10
   757    359  330    2     -17.205    63.136     0.416E+08
   758    359  331    1     -17.269    63.240     0.254E+10
   759    359  331    2     -17.269    63.240     0.161E+08
   760    359  332    1     -17.334    63.344     0.254E+10
   761    359  332    2     -17.334    63.344     0.134E+07
   762    359  333    1     -17.399    63.448     0.238E+10
   763    359  333    2     -17.399    63.448     0.669E+06
   764    359  334    1     -17.465    63.552     0.207E+10
   765    359  335    1     -17.531    63.656     0.174E+10
   766    359  336    1     -17.598    63.759     0.158E+10
   767    359  337    1     -17.665    63.863     0.140E+10
   768    359  338    1     -17.733    63.967     0.961E+09
   769    359  339    1     -17.801    64.071     0.602E+09
   770    359  340    1     -17.870    64.175     0.201E+10
   771    359  341    1     -17.939    64.278     0.147E+10
   772    359  342    1     -18.009    64.382     0.613E+08
   773    360  298    2     -15.156    59.819     0.114E+08
   774    360  299    2     -15.207    59.924     0.649E+08
   775    360  300    2     -15.259    60.029     0.148E+09
   776    360  301    2     -15.311    60.133     0.180E+09
   777    360  302    2     -15.363    60.238     0.188E+09
   778    360  303    2     -15.415    60.343     0.206E+09
   779    360  304    2     -15.468    60.448     0.245E+09
   780    360  305    2     -15.522    60.553     0.267E+09
   781    360  306    2     -15.575    60.657     0.256E+09
   782    360  307    2     -15.629    60.762     0.255E+09
   783    360  308    2     -15.683    60.867     0.261E+09
   784    360  309    1     -15.738    60.972     0.669E+06
   785    360  309    2     -15.738    60.972     0.262E+09
   786    360  310    1     -15.793    61.076     0.134E+07
   787    360  310    2     -15.793    61.076     0.271E+09
   788    360  311    1     -15.848    61.181     0.134E+07
   789    360  311    2     -15.848    61.181     0.265E+09
   790    360  312    1     -15.904    61.286     0.468E+07
   791    360  312    2     -15.904    61.286     0.267E+09
   792    360  313    1     -15.960    61.390     0.669E+07
   793    360  313    2     -15.960    61.390     0.285E+09
   794    360  314    1     -16.016    61.495     0.736E+07
   795    360  314    2     -16.016    61.495     0.326E+09
   796    360  315    1     -16.073    61.599     0.114E+08
   797    360  315    2     -16.073    61.599     0.354E+09
   798    360  316    1     -16.130    61.704     0.254E+08
   799    360  316    2     -16.130    61.704     0.395E+09
   800    360  317    1     -16.188    61.808     0.556E+08
   801    360  317    2     -16.188    61.808     0.415E+09
   802    360  318    1     -16.246    61.913     0.831E+08
   803    360  318    2     -16.246    61.913     0.401E+09
   804    360  319    1     -16.305    62.017     0.113E+09
   805    360  319    2     -16.305    62.017     0.390E+09
   806    360  320    1     -16.363    62.122     0.149E+09
   807    360  320    2     -16.363    62.122     0.384E+09
   808    360  321    1     -16.423    62.226     0.179E+09
   809    360  321    2     -16.423    62.226     0.378E+09
   810    360  322    1     -16.482    62.330     0.224E+09
   811    360  322    2     -16.482    62.330     0.376E+09
   812    360  323    1     -16.542    62.435     0.277E+09
   813    360  323    2     -16.542    62.435     0.359E+09
   814    360  324    1     -16.603    62.539     0.366E+09
   815    360  324    2     -16.603    62.539     0.368E+09
   816    360  325    1     -16.664    62.643     0.475E+09
   817    360  325    2     -16.664    62.643     0.337E+09
   818    360  326    1     -16.725    62.748     0.646E+09
   819    360  326    2     -16.725    62.748     0.305E+09
   820    360  327    1     -16.787    62.852     0.880E+09
   821    360  327    2     -16.787    62.852     0.288E+09
   822    360  328    1     -16.849    62.956     0.115E+10
   823    360  328    2     -16.849    62.956     0.250E+09
   824    360  329    1     -16.911    63.060     0.137E+10
   825    360  329    2     -16.911    63.060     0.209E+09
   826    360  330    1     -16.974    63.164     0.166E+10
   827    360  330    2     -16.974    63.164     0.167E+09
   828    360  331    1     -17.038    63.269     0.199E+10
   829    360  331    2     -17.038    63.269     0.125E+09
   830    360  332    1     -17.102    63.373     0.247E+10
   831    360  332    2     -17.102    63.373     0.104E+09
   832    360  333    1     -17.166    63.477     0.308E+10
   833    360  333    2     -17.166    63.477     0.536E+08
   834    360  334    1     -17.231    63.581     0.331E+10
   835    360  334    2     -17.231    63.581     0.114E+08
   836    360  335    1     -17.297    63.685     0.314E+10
   837    360  335    2     -17.297    63.685     0.669E+06
   838    360  336    1     -17.363    63.789     0.288E+10
   839    360  337    1     -17.429    63.893     0.258E+10
   840    360  338    1     -17.496    63.997     0.224E+10
   841    360  339    1     -17.563    64.101     0.158E+10
   842    360  340    1     -17.631    64.205     0.993E+09
   843    360  341    1     -17.700    64.308     0.218E+10
   844    360  342    1     -17.768    64.412     0.156E+10
   845    360  343    1     -17.838    64.516     0.615E+08
   846    361  299    2     -14.998    59.949     0.803E+07
   847    361  300    2     -15.049    60.054     0.771E+08
   848    361  301    2     -15.101    60.159     0.178E+09
   849    361  302    2     -15.152    60.264     0.229E+09
   850    361  303    2     -15.204    60.369     0.270E+09
   851    361  304    2     -15.256    60.474     0.272E+09
   852    361  305    2     -15.309    60.579     0.265E+09
   853    361  306    2     -15.362    60.684     0.277E+09
   854    361  307    2     -15.415    60.788     0.307E+09
   855    361  308    2     -15.468    60.893     0.317E+09
   856    361  309    2     -15.522    60.998     0.318E+09
   857    361  310    2     -15.577    61.103     0.307E+09
   858    361  311    2     -15.631    61.207     0.330E+09
   859    361  312    1     -15.686    61.312     0.669E+06
   860    361  312    2     -15.686    61.312     0.330E+09
   861    361  313    1     -15.742    61.417     0.201E+07
   862    361  313    2     -15.742    61.417     0.330E+09
   863    361  314    1     -15.797    61.522     0.201E+07
   864    361  314    2     -15.797    61.522     0.341E+09
   865    361  315    1     -15.853    61.626     0.468E+07
   866    361  315    2     -15.853    61.626     0.360E+09
   867    361  316    1     -15.910    61.731     0.736E+07
   868    361  316    2     -15.910    61.731     0.356E+09
   869    361  317    1     -15.967    61.835     0.167E+08
   870    361  317    2     -15.967    61.835     0.359E+09
   871    361  318    1     -16.024    61.940     0.294E+08
   872    361  318    2     -16.024    61.940     0.391E+09
   873    361  319    1     -16.082    62.044     0.502E+08
   874    361  319    2     -16.082    62.044     0.422E+09
   875    361  320    1     -16.140    62.149     0.830E+08
   876    361  320    2     -16.140    62.149     0.452E+09
   877    361  321    1     -16.198    62.254     0.107E+09
   878    361  321    2     -16.198    62.254     0.461E+09
   879    361  322    1     -16.257    62.358     0.163E+09
   880    361  322    2     -16.257    62.358     0.442E+09
   881    361  323    1     -16.317    62.462     0.221E+09
   882    361  323    2     -16.317    62.462     0.424E+09
   883    361  324    1     -16.376    62.567     0.282E+09
   884    361  324    2     -16.376    62.567     0.398E+09
   885    361  325    1     -16.436    62.671     0.343E+09
   886    361  325    2     -16.436    62.671     0.416E+09
   887    361  326    1     -16.497    62.776     0.444E+09
   888    361  326    2     -16.497    62.776     0.419E+09
   889    361  327    1     -16.558    62.880     0.533E+09
   890    361  327    2     -16.558    62.880     0.397E+09
   891    361  328    1     -16.619    62.984     0.657E+09
   892    361  328    2     -16.619    62.984     0.345E+09
   893    361  329    1     -16.681    63.089     0.838E+09
   894    361  329    2     -16.681    63.089     0.327E+09
   895    361  330    1     -16.744    63.193     0.112E+10
   896    361  330    2     -16.744    63.193     0.305E+09
   897    361  331    1     -16.806    63.297     0.146E+10
   898    361  331    2     -16.806    63.297     0.293E+09
   899    361  332    1     -16.870    63.401     0.191E+10
   900    361  332    2     -16.870    63.401     0.281E+09
   901    361  333    1     -16.933    63.505     0.233E+10
   902    361  333    2     -16.933    63.505     0.254E+09
   903    361  334    1     -16.997    63.610     0.298E+10
   904    361  334    2     -16.997    63.610     0.169E+09
   905    361  335    1     -17.062    63.714     0.353E+10
   906    361  335    2     -17.062    63.714     0.767E+08
   907    361  336    1     -17.127    63.818     0.362E+10
   908    361  336    2     -17.127    63.818     0.397E+08
   909    361  337    1     -17.193    63.922     0.369E+10
   910    361  337    2     -17.193    63.922     0.256E+08
   911    361  338    1     -17.259    64.026     0.384E+10
   912    361  338    2     -17.259    64.026     0.540E+07
   913    361  339    1     -17.325    64.130     0.409E+10
   914    361  340    1     -17.392    64.234     0.384E+10
   915    361  341    1     -17.460    64.338     0.336E+10
   916    361  342    1     -17.528    64.442     0.356E+10
   917    361  343    1     -17.597    64.546     0.306E+10
   918    361  344    1     -17.666    64.650     0.148E+09
   919    362  300    2     -14.839    60.079     0.468E+07
   920    362  301    2     -14.890    60.184     0.536E+08
   921    362  302    2     -14.941    60.289     0.147E+09
   922    362  303    2     -14.992    60.394     0.253E+09
   923    362  304    2     -15.044    60.499     0.309E+09
   924    362  305    2     -15.095    60.604     0.348E+09
   925    362  306    2     -15.148    60.709     0.348E+09
   926    362  307    2     -15.200    60.814     0.351E+09
   927    362  308    2     -15.253    60.919     0.329E+09
   928    362  309    2     -15.306    61.024     0.349E+09
   929    362  310    2     -15.360    61.129     0.375E+09
   930    362  311    2     -15.414    61.234     0.384E+09
   931    362  312    2     -15.468    61.338     0.382E+09
   932    362  313    2     -15.523    61.443     0.383E+09
   933    362  314    2     -15.578    61.548     0.404E+09
   934    362  315    2     -15.633    61.653     0.405E+09
   935    362  316    1     -15.689    61.757     0.402E+07
   936    362  316    2     -15.689    61.757     0.422E+09
   937    362  317    1     -15.745    61.862     0.669E+07
   938    362  317    2     -15.745    61.862     0.438E+09
   939    362  318    1     -15.802    61.967     0.114E+08
   940    362  318    2     -15.802    61.967     0.430E+09
   941    362  319    1     -15.859    62.071     0.174E+08
   942    362  319    2     -15.859    62.071     0.445E+09
   943    362  320    1     -15.916    62.176     0.335E+08
   944    362  320    2     -15.916    62.176     0.440E+09
   945    362  321    1     -15.974    62.281     0.428E+08
   946    362  321    2     -15.974    62.281     0.436E+09
   947    362  322    1     -16.032    62.385     0.754E+08
   948    362  322    2     -16.032    62.385     0.441E+09
   949    362  323    1     -16.091    62.490     0.118E+09
   950    362  323    2     -16.091    62.490     0.439E+09
   951    362  324    1     -16.150    62.594     0.180E+09
   952    362  324    2     -16.150    62.594     0.425E+09
   953    362  325    1     -16.209    62.699     0.208E+09
   954    362  325    2     -16.209    62.699     0.432E+09
   955    362  326    1     -16.269    62.803     0.254E+09
   956    362  326    2     -16.269    62.803     0.429E+09
   957    362  327    1     -16.329    62.908     0.337E+09
   958    362  327    2     -16.329    62.908     0.429E+09
   959    362  328    1     -16.390    63.012     0.424E+09
   960    362  328    2     -16.390    63.012     0.437E+09
   961    362  329    1     -16.451    63.117     0.481E+09
   962    362  329    2     -16.451    63.117     0.438E+09
   963    362  330    1     -16.512    63.221     0.570E+09
   964    362  330    2     -16.512    63.221     0.432E+09
   965    362  331    1     -16.574    63.325     0.717E+09
   966    362  331    2     -16.574    63.325     0.462E+09
   967    362  332    1     -16.637    63.430     0.102E+10
   968    362  332    2     -16.637    63.430     0.482E+09
   969    362  333    1     -16.699    63.534     0.150E+10
   970    362  333    2     -16.699    63.534     0.504E+09
   971    362  334    1     -16.763    63.638     0.198E+10
   972    362  334    2     -16.763    63.638     0.493E+09
   973    362  335    1     -16.827    63.742     0.255E+10
   974    362  335    2     -16.827    63.742     0.426E+09
   975    362  336    1     -16.891    63.847     0.345E+10
   976    362  336    2     -16.891    63.847     0.358E+09
   977    362  337    1     -16.956    63.951     0.438E+10
   978    362  337    2     -16.956    63.951     0.321E+09
   979    362  337    3     -16.956    63.951     0.669E+06
   980    362  338    1     -17.021    64.055     0.536E+10
   981    362  338    2     -17.021    64.055     0.326E+09
   982    362  338    3     -17.021    64.055     0.104E+09
   983    362  339    1     -17.087    64.159     0.634E+10
   984    362  339    2     -17.087    64.159     0.300E+09
   985    362  339    3     -17.087    64.159     0.562E+09
   986    362  340    1     -17.153    64.263     0.711E+10
   987    362  340    2     -17.153    64.263     0.353E+09
   988    362  340    3     -17.153    64.263     0.139E+10
   989    362  341    1     -17.220    64.367     0.834E+10
   990    362  341    2     -17.220    64.367     0.610E+09
   991    362  341    3     -17.220    64.367     0.459E+10
   992    362  342    1     -17.287    64.471     0.109E+11
   993    362  342    2     -17.287    64.471     0.192E+10
   994    362  342    3     -17.287    64.471     0.105E+11
   995    362  343    1     -17.355    64.575     0.148E+11
   996    362  343    2     -17.355    64.575     0.751E+10
   997    362  343    3     -17.355    64.575     0.138E+11
   998    362  344    1     -17.423    64.679     0.108E+11
   999    362  344    2     -17.423    64.679     0.487E+10
  1000    362  344    3     -17.423    64.679     0.869E+10
  1001    363  301    2     -14.679    60.209     0.535E+07
  1002    363  302    2     -14.729    60.315     0.435E+08
  1003    363  303    2     -14.780    60.420     0.118E+09
  1004    363  304    2     -14.831    60.525     0.223E+09
  1005    363  305    2     -14.882    60.630     0.293E+09
  1006    363  306    2     -14.933    60.735     0.377E+09
  1007    363  307    2     -14.985    60.840     0.428E+09
  1008    363  308    2     -15.037    60.945     0.456E+09
  1009    363  309    2     -15.090    61.050     0.438E+09
  1010    363  310    2     -15.143    61.155     0.424E+09
  1011    363  311    2     -15.196    61.259     0.438E+09
  1012    363  312    2     -15.250    61.364     0.450E+09
  1013    363  313    2     -15.304    61.469     0.467E+09
  1014    363  314    2     -15.358    61.574     0.459E+09
  1015    363  315    2     -15.413    61.679     0.450E+09
  1016    363  316    2     -15.468    61.784     0.475E+09
  1017    363  317    2     -15.523    61.888     0.487E+09
  1018    363  318    2     -15.579    61.993     0.517E+09
  1019    363  319    1     -15.635    62.098     0.669E+06
  1020    363  319    2     -15.635    62.098     0.541E+09
  1021    363  320    1     -15.692    62.203     0.468E+07
  1022    363  320    2     -15.692    62.203     0.548E+09
  1023    363  321    1     -15.749    62.307     0.167E+08
  1024    363  321    2     -15.749    62.307     0.561E+09
  1025    363  322    1     -15.806    62.412     0.172E+08
  1026    363  322    2     -15.806    62.412     0.567E+09
  1027    363  323    1     -15.864    62.517     0.345E+08
  1028    363  323    2     -15.864    62.517     0.579E+09
  1029    363  324    1     -15.922    62.621     0.710E+08
  1030    363  324    2     -15.922    62.621     0.558E+09
  1031    363  325    1     -15.981    62.726     0.135E+09
  1032    363  325    2     -15.981    62.726     0.573E+09
  1033    363  326    1     -16.040    62.830     0.188E+09
  1034    363  326    2     -16.040    62.830     0.582E+09
  1035    363  327    1     -16.099    62.935     0.244E+09
  1036    363  327    2     -16.099    62.935     0.592E+09
  1037    363  328    1     -16.159    63.040     0.278E+09
  1038    363  328    2     -16.159    63.040     0.589E+09
  1039    363  329    1     -16.220    63.144     0.312E+09
  1040    363  329    2     -16.220    63.144     0.605E+09
  1041    363  330    1     -16.280    63.249     0.379E+09
  1042    363  330    2     -16.280    63.249     0.609E+09
  1043    363  331    1     -16.342    63.353     0.486E+09
  1044    363  331    2     -16.342    63.353     0.613E+09
  1045    363  332    1     -16.403    63.457     0.594E+09
  1046    363  332    2     -16.403    63.457     0.643E+09
  1047    363  333    1     -16.465    63.562     0.728E+09
  1048    363  333    2     -16.465    63.562     0.728E+09
  1049    363  334    1     -16.528    63.666     0.914E+09
  1050    363  334    2     -16.528    63.666     0.759E+09
  1051    363  334    3     -16.528    63.666     0.114E+08
  1052    363  335    1     -16.591    63.770     0.104E+10
  1053    363  335    2     -16.591    63.770     0.840E+09
  1054    363  335    3     -16.591    63.770     0.450E+09
  1055    363  336    1     -16.654    63.875     0.109E+10
  1056    363  336    2     -16.654    63.875     0.944E+09
  1057    363  336    3     -16.654    63.875     0.264E+10
  1058    363  337    1     -16.718    63.979     0.109E+10
  1059    363  337    2     -16.718    63.979     0.117E+10
  1060    363  337    3     -16.718    63.979     0.581E+10
  1061    363  338    1     -16.783    64.083     0.109E+10
  1062    363  338    2     -16.783    64.083     0.179E+10
  1063    363  338    3     -16.783    64.083     0.839E+10
  1064    363  339    1     -16.848    64.188     0.102E+10
  1065    363  339    2     -16.848    64.188     0.390E+10
  1066    363  339    3     -16.848    64.188     0.103E+11
  1067    363  340    1     -16.913    64.292     0.105E+10
  1068    363  340    2     -16.913    64.292     0.660E+10
  1069    363  340    3     -16.913    64.292     0.114E+11
  1070    363  341    1     -16.979    64.396     0.104E+10
  1071    363  341    2     -16.979    64.396     0.840E+10
  1072    363  341    3     -16.979    64.396     0.950E+10
  1073    363  342    1     -17.045    64.500     0.848E+09
  1074    363  342    2     -17.045    64.500     0.727E+10
  1075    363  342    3     -17.045    64.500     0.397E+10
  1076    363  343    1     -17.112    64.604     0.190E+09
  1077    363  343    2     -17.112    64.604     0.177E+10
  1078    363  343    3     -17.112    64.604     0.626E+09
  1079    364  302    2     -14.517    60.339     0.736E+07
  1080    364  303    2     -14.567    60.444     0.443E+08
  1081    364  304    2     -14.618    60.550     0.103E+09
  1082    364  305    2     -14.668    60.655     0.206E+09
  1083    364  306    2     -14.719    60.760     0.280E+09
  1084    364  307    2     -14.770    60.865     0.351E+09
  1085    364  308    2     -14.822    60.970     0.428E+09
  1086    364  309    2     -14.873    61.075     0.521E+09
  1087    364  310    2     -14.926    61.180     0.585E+09
  1088    364  311    2     -14.978    61.285     0.616E+09
  1089    364  312    2     -15.031    61.390     0.624E+09
  1090    364  313    2     -15.084    61.495     0.570E+09
  1091    364  314    2     -15.138    61.600     0.594E+09
  1092    364  315    2     -15.192    61.705     0.558E+09
  1093    364  316    2     -15.246    61.810     0.533E+09
  1094    364  317    2     -15.301    61.914     0.578E+09
  1095    364  318    2     -15.356    62.019     0.606E+09
  1096    364  319    2     -15.411    62.124     0.635E+09
  1097    364  320    2     -15.467    62.229     0.682E+09
  1098    364  321    1     -15.524    62.334     0.669E+06
  1099    364  321    2     -15.524    62.334     0.664E+09
  1100    364  322    1     -15.580    62.439     0.134E+07
  1101    364  322    2     -15.580    62.439     0.632E+09
  1102    364  323    1     -15.637    62.543     0.134E+07
  1103    364  323    2     -15.637    62.543     0.629E+09
  1104    364  324    1     -15.695    62.648     0.653E+07
  1105    364  324    2     -15.695    62.648     0.637E+09
  1106    364  325    1     -15.753    62.753     0.294E+08
  1107    364  325    2     -15.753    62.753     0.661E+09
  1108    364  326    1     -15.811    62.857     0.602E+08
  1109    364  326    2     -15.811    62.857     0.699E+09
  1110    364  327    1     -15.870    62.962     0.913E+08
  1111    364  327    2     -15.870    62.962     0.761E+09
  1112    364  328    1     -15.929    63.067     0.142E+09
  1113    364  328    2     -15.929    63.067     0.792E+09
  1114    364  329    1     -15.988    63.171     0.193E+09
  1115    364  329    2     -15.988    63.171     0.863E+09
  1116    364  330    1     -16.048    63.276     0.212E+09
  1117    364  330    2     -16.048    63.276     0.882E+09
  1118    364  330    3     -16.048    63.276     0.535E+07
  1119    364  331    1     -16.109    63.380     0.208E+09
  1120    364  331    2     -16.109    63.380     0.950E+09
  1121    364  331    3     -16.109    63.380     0.469E+08
  1122    364  332    1     -16.169    63.485     0.213E+09
  1123    364  332    2     -16.169    63.485     0.113E+10
  1124    364  332    3     -16.169    63.485     0.524E+09
  1125    364  333    1     -16.231    63.589     0.238E+09
  1126    364  333    2     -16.231    63.589     0.136E+10
  1127    364  333    3     -16.231    63.589     0.221E+10
  1128    364  334    1     -16.292    63.694     0.258E+09
  1129    364  334    2     -16.292    63.694     0.177E+10
  1130    364  334    3     -16.292    63.694     0.483E+10
  1131    364  335    1     -16.355    63.798     0.241E+09
  1132    364  335    2     -16.355    63.798     0.271E+10
  1133    364  335    3     -16.355    63.798     0.719E+10
  1134    364  336    1     -16.417    63.903     0.182E+09
  1135    364  336    2     -16.417    63.903     0.460E+10
  1136    364  336    3     -16.417    63.903     0.749E+10
  1137    364  337    1     -16.480    64.007     0.111E+09
  1138    364  337    2     -16.480    64.007     0.681E+10
  1139    364  337    3     -16.480    64.007     0.613E+10
  1140    364  338    1     -16.544    64.111     0.643E+08
  1141    364  338    2     -16.544    64.111     0.743E+10
  1142    364  338    3     -16.544    64.111     0.486E+10
  1143    364  339    1     -16.608    64.216     0.302E+08
  1144    364  339    2     -16.608    64.216     0.530E+10
  1145    364  339    3     -16.608    64.216     0.374E+10
  1146    364  340    1     -16.673    64.320     0.535E+07
  1147    364  340    2     -16.673    64.320     0.237E+10
  1148    364  340    3     -16.673    64.320     0.199E+10
  1149    364  341    2     -16.738    64.424     0.161E+09
  1150    364  341    3     -16.738    64.424     0.476E+09
  1151    365  303    2     -14.354    60.469     0.201E+07
  1152    365  304    2     -14.404    60.574     0.289E+08
  1153    365  305    2     -14.454    60.679     0.785E+08
  1154    365  306    2     -14.504    60.784     0.155E+09
  1155    365  307    2     -14.554    60.890     0.237E+09
  1156    365  308    2     -14.605    60.995     0.328E+09
  1157    365  309    2     -14.656    61.100     0.397E+09
  1158    365  310    2     -14.708    61.205     0.466E+09
  1159    365  311    2     -14.760    61.310     0.551E+09
  1160    365  312    2     -14.812    61.415     0.650E+09
  1161    365  313    2     -14.864    61.520     0.726E+09
  1162    365  314    2     -14.917    61.625     0.774E+09
  1163    365  315    2     -14.971    61.730     0.833E+09
  1164    365  316    2     -15.024    61.835     0.885E+09
  1165    365  317    2     -15.078    61.940     0.897E+09
  1166    365  318    2     -15.133    62.045     0.897E+09
  1167    365  319    2     -15.187    62.150     0.983E+09
  1168    365  320    2     -15.242    62.255     0.104E+10
  1169    365  321    2     -15.298    62.360     0.110E+10
  1170    365  322    2     -15.354    62.465     0.117E+10
  1171    365  323    2     -15.410    62.569     0.113E+10
  1172    365  324    2     -15.467    62.674     0.116E+10
  1173    365  325    2     -15.524    62.779     0.120E+10
  1174    365  326    2     -15.581    62.884     0.131E+10
  1175    365  327    1     -15.639    62.989     0.209E+07
  1176    365  327    2     -15.639    62.989     0.147E+10
  1177    365  327    3     -15.639    62.989     0.335E+07
  1178    365  328    1     -15.698    63.093     0.109E+08
  1179    365  328    2     -15.698    63.093     0.170E+10
  1180    365  328    3     -15.698    63.093     0.720E+08
  1181    365  329    1     -15.756    63.198     0.808E+07
  1182    365  329    2     -15.756    63.198     0.195E+10
  1183    365  329    3     -15.756    63.198     0.367E+09
  1184    365  330    1     -15.815    63.303     0.622E+07
  1185    365  330    2     -15.815    63.303     0.234E+10
  1186    365  330    3     -15.815    63.303     0.105E+10
  1187    365  331    1     -15.875    63.407     0.587E+07
  1188    365  331    2     -15.875    63.407     0.290E+10
  1189    365  331    3     -15.875    63.407     0.231E+10
  1190    365  332    1     -15.935    63.512     0.885E+07
  1191    365  332    2     -15.935    63.512     0.388E+10
  1192    365  332    3     -15.935    63.512     0.367E+10
  1193    365  333    1     -15.996    63.616     0.394E+07
  1194    365  333    2     -15.996    63.616     0.556E+10
  1195    365  333    3     -15.996    63.616     0.431E+10
  1196    365  334    1     -16.056    63.721     0.679E+07
  1197    365  334    2     -16.056    63.721     0.637E+10
  1198    365  334    3     -16.056    63.721     0.413E+10
  1199    365  335    1     -16.118    63.826     0.284E+07
  1200    365  335    2     -16.118    63.826     0.558E+10
  1201    365  335    3     -16.118    63.826     0.360E+10
  1202    365  336    2     -16.180    63.930     0.363E+10
  1203    365  336    3     -16.180    63.930     0.336E+10
  1204    365  337    2     -16.242    64.035     0.127E+10
  1205    365  337    3     -16.242    64.035     0.366E+10
  1206    365  338    2     -16.305    64.139     0.110E+09
  1207    365  338    3     -16.305    64.139     0.226E+10
  1208    365  339    3     -16.368    64.243     0.555E+09
  1209    365  340    3     -16.432    64.348     0.468E+07
  1210    366  303    2     -14.141    60.493     0.669E+06
  1211    366  304    2     -14.190    60.598     0.468E+07
  1212    366  305    2     -14.239    60.704     0.215E+08
  1213    366  306    2     -14.289    60.809     0.658E+08
  1214    366  307    2     -14.338    60.914     0.119E+09
  1215    366  308    2     -14.389    61.019     0.197E+09
  1216    366  309    2     -14.439    61.124     0.281E+09
  1217    366  310    2     -14.490    61.230     0.381E+09
  1218    366  311    2     -14.541    61.335     0.457E+09
  1219    366  312    2     -14.592    61.440     0.550E+09
  1220    366  313    2     -14.644    61.545     0.634E+09
  1221    366  314    2     -14.696    61.650     0.743E+09
  1222    366  315    2     -14.749    61.755     0.790E+09
  1223    366  316    2     -14.802    61.860     0.864E+09
  1224    366  317    2     -14.855    61.965     0.944E+09
  1225    366  318    2     -14.909    62.070     0.103E+10
  1226    366  319    2     -14.963    62.175     0.113E+10
  1227    366  320    2     -15.017    62.280     0.124E+10
  1228    366  321    2     -15.072    62.385     0.139E+10
  1229    366  322    2     -15.127    62.490     0.151E+10
  1230    366  323    2     -15.182    62.595     0.164E+10
  1231    366  324    2     -15.238    62.700     0.181E+10
  1232    366  325    2     -15.295    62.805     0.200E+10
  1233    366  325    3     -15.295    62.805     0.535E+07
  1234    366  326    2     -15.351    62.910     0.224E+10
  1235    366  326    3     -15.351    62.910     0.553E+08
  1236    366  327    2     -15.408    63.015     0.249E+10
  1237    366  327    3     -15.408    63.015     0.256E+09
  1238    366  328    2     -15.466    63.120     0.279E+10
  1239    366  328    3     -15.466    63.120     0.719E+09
  1240    366  329    2     -15.524    63.224     0.323E+10
  1241    366  329    3     -15.524    63.224     0.128E+10
  1242    366  330    2     -15.582    63.329     0.393E+10
  1243    366  330    3     -15.582    63.329     0.179E+10
  1244    366  331    2     -15.641    63.434     0.455E+10
  1245    366  331    3     -15.641    63.434     0.232E+10
  1246    366  332    2     -15.700    63.539     0.373E+10
  1247    366  332    3     -15.700    63.539     0.257E+10
  1248    366  333    2     -15.760    63.643     0.165E+10
  1249    366  333    3     -15.760    63.643     0.243E+10
  1250    366  334    2     -15.820    63.748     0.254E+09
  1251    366  334    3     -15.820    63.748     0.239E+10
  1252    366  335    2     -15.881    63.853     0.669E+07
  1253    366  335    3     -15.881    63.853     0.253E+10
  1254    366  336    3     -15.942    63.957     0.217E+10
  1255    366  337    3     -16.003    64.062     0.751E+09
  1256    366  338    3     -16.065    64.166     0.261E+08
  1257    367  305    2     -14.024    60.727     0.669E+06
  1258    367  306    2     -14.073    60.833     0.937E+07
  1259    367  307    2     -14.122    60.938     0.262E+08
  1260    367  308    2     -14.172    61.043     0.677E+08
  1261    367  309    2     -14.221    61.149     0.113E+09
  1262    367  310    2     -14.271    61.254     0.193E+09
  1263    367  311    2     -14.322    61.359     0.261E+09
  1264    367  312    2     -14.373    61.464     0.333E+09
  1265    367  313    2     -14.424    61.570     0.419E+09
  1266    367  314    2     -14.475    61.675     0.495E+09
  1267    367  315    2     -14.527    61.780     0.573E+09
  1268    367  316    2     -14.579    61.885     0.646E+09
  1269    367  317    2     -14.632    61.990     0.749E+09
  1270    367  318    2     -14.684    62.095     0.846E+09
  1271    367  319    2     -14.738    62.201     0.950E+09
  1272    367  320    2     -14.791    62.306     0.104E+10
  1273    367  321    2     -14.845    62.411     0.114E+10
  1274    367  322    2     -14.900    62.516     0.120E+10
  1275    367  323    2     -14.954    62.621     0.133E+10
  1276    367  323    3     -14.954    62.621     0.268E+07
  1277    367  324    2     -15.009    62.726     0.142E+10
  1278    367  324    3     -15.009    62.726     0.154E+08
  1279    367  325    2     -15.065    62.831     0.153E+10
  1280    367  325    3     -15.065    62.831     0.608E+08
  1281    367  326    2     -15.121    62.936     0.168E+10
  1282    367  326    3     -15.121    62.936     0.245E+09
  1283    367  327    2     -15.177    63.041     0.195E+10
  1284    367  327    3     -15.177    63.041     0.523E+09
  1285    367  328    2     -15.234    63.145     0.242E+10
  1286    367  328    3     -15.234    63.145     0.802E+09
  1287    367  329    2     -15.291    63.250     0.264E+10
  1288    367  329    3     -15.291    63.250     0.108E+10
  1289    367  330    2     -15.349    63.355     0.194E+10
  1290    367  330    3     -15.349    63.355     0.136E+10
  1291    367  331    2     -15.407    63.460     0.603E+09
  1292    367  331    3     -15.407    63.460     0.164E+10
  1293    367  332    2     -15.465    63.565     0.449E+08
  1294    367  332    3     -15.465    63.565     0.178E+10
  1295    367  333    3     -15.524    63.670     0.163E+10
  1296    367  334    3     -15.583    63.774     0.123E+10
  1297    367  335    3     -15.643    63.879     0.569E+09
  1298    367  336    3     -15.703    63.984     0.743E+08
  1299    368  307    2     -13.906    60.962     0.201E+07
  1300    368  308    2     -13.954    61.067     0.167E+08
  1301    368  309    2     -14.003    61.173     0.622E+08
  1302    368  310    2     -14.053    61.278     0.100E+09
  1303    368  311    2     -14.102    61.383     0.146E+09
  1304    368  312    2     -14.152    61.489     0.202E+09
  1305    368  313    2     -14.203    61.594     0.264E+09
  1306    368  314    2     -14.253    61.699     0.331E+09
  1307    368  315    2     -14.304    61.804     0.372E+09
  1308    368  316    2     -14.356    61.910     0.425E+09
  1309    368  317    2     -14.408    62.015     0.483E+09
  1310    368  318    2     -14.460    62.120     0.566E+09
  1311    368  319    2     -14.512    62.225     0.616E+09
  1312    368  320    2     -14.565    62.330     0.696E+09
  1313    368  321    2     -14.618    62.436     0.761E+09
  1314    368  321    3     -14.618    62.436     0.335E+07
  1315    368  322    2     -14.672    62.541     0.852E+09
  1316    368  322    3     -14.672    62.541     0.100E+08
  1317    368  323    2     -14.726    62.646     0.976E+09
  1318    368  323    3     -14.726    62.646     0.182E+08
  1319    368  324    2     -14.780    62.751     0.114E+10
  1320    368  324    3     -14.780    62.751     0.690E+08
  1321    368  325    2     -14.835    62.856     0.138E+10
  1322    368  325    3     -14.835    62.856     0.182E+09
  1323    368  326    2     -14.890    62.961     0.163E+10
  1324    368  326    3     -14.890    62.961     0.391E+09
  1325    368  327    2     -14.946    63.066     0.175E+10
  1326    368  327    3     -14.946    63.066     0.520E+09
  1327    368  328    2     -15.002    63.171     0.127E+10
  1328    368  328    3     -15.002    63.171     0.483E+09
  1329    368  329    2     -15.058    63.276     0.462E+09
  1330    368  329    3     -15.058    63.276     0.594E+09
  1331    368  330    2     -15.115    63.381     0.617E+08
  1332    368  330    3     -15.115    63.381     0.896E+09
  1333    368  331    2     -15.172    63.486     0.602E+07
  1334    368  331    3     -15.172    63.486     0.827E+09
  1335    368  332    3     -15.230    63.591     0.522E+09
  1336    368  333    3     -15.288    63.696     0.283E+09
  1337    368  334    3     -15.346    63.800     0.117E+09
  1338    368  335    3     -15.405    63.905     0.402E+07
  1339    369  308    2     -13.737    61.091     0.268E+07
  1340    369  309    2     -13.785    61.196     0.127E+08
  1341    369  310    2     -13.834    61.301     0.349E+08
  1342    369  311    2     -13.883    61.407     0.703E+08
  1343    369  312    2     -13.932    61.512     0.897E+08
  1344    369  313    2     -13.981    61.618     0.136E+09
  1345    369  314    2     -14.031    61.723     0.180E+09
  1346    369  315    2     -14.082    61.828     0.232E+09
  1347    369  316    2     -14.132    61.934     0.297E+09
  1348    369  317    2     -14.183    62.039     0.355E+09
  1349    369  318    2     -14.235    62.144     0.415E+09
  1350    369  318    3     -14.235    62.144     0.201E+07
  1351    369  319    2     -14.287    62.250     0.461E+09
  1352    369  319    3     -14.287    62.250     0.669E+07
  1353    369  320    2     -14.339    62.355     0.533E+09
  1354    369  320    3     -14.339    62.355     0.134E+08
  1355    369  321    2     -14.391    62.460     0.676E+09
  1356    369  321    3     -14.391    62.460     0.162E+08
  1357    369  322    2     -14.444    62.565     0.821E+09
  1358    369  322    3     -14.444    62.565     0.317E+08
  1359    369  323    2     -14.497    62.670     0.916E+09
  1360    369  323    3     -14.497    62.670     0.850E+08
  1361    369  324    2     -14.551    62.776     0.103E+10
  1362    369  324    3     -14.551    62.776     0.152E+09
  1363    369  325    2     -14.605    62.881     0.108E+10
  1364    369  325    3     -14.605    62.881     0.352E+09
  1365    369  326    2     -14.659    62.986     0.827E+09
  1366    369  326    3     -14.659    62.986     0.265E+09
  1367    369  327    2     -14.714    63.091     0.321E+09
  1368    369  327    3     -14.714    63.091     0.123E+09
  1369    369  328    2     -14.769    63.196     0.423E+08
  1370    369  328    3     -14.769    63.196     0.863E+08
  1371    369  329    2     -14.824    63.301     0.335E+07
  1372    369  329    3     -14.824    63.301     0.135E+09
  1373    369  330    3     -14.880    63.406     0.163E+09
  1374    369  331    3     -14.937    63.511     0.105E+09
  1375    369  332    3     -14.994    63.616     0.910E+08
  1376    369  333    3     -15.051    63.721     0.638E+08
  1377    369  334    3     -15.108    63.826     0.268E+07
  1378    370  309    2     -13.566    61.219     0.268E+07
  1379    370  310    2     -13.614    61.325     0.107E+08
  1380    370  311    2     -13.662    61.430     0.248E+08
  1381    370  312    2     -13.711    61.536     0.475E+08
  1382    370  313    2     -13.760    61.641     0.683E+08
  1383    370  314    2     -13.809    61.747     0.112E+09
  1384    370  315    2     -13.859    61.852     0.162E+09
  1385    370  316    2     -13.909    61.957     0.217E+09
  1386    370  317    2     -13.959    62.063     0.267E+09
  1387    370  318    2     -14.009    62.168     0.344E+09
  1388    370  318    3     -14.009    62.168     0.107E+08
  1389    370  319    2     -14.060    62.274     0.419E+09
  1390    370  319    3     -14.060    62.274     0.196E+08
  1391    370  320    2     -14.112    62.379     0.513E+09
  1392    370  320    3     -14.112    62.379     0.209E+08
  1393    370  321    2     -14.163    62.484     0.544E+09
  1394    370  321    3     -14.163    62.484     0.248E+08
  1395    370  322    2     -14.215    62.590     0.559E+09
  1396    370  322    3     -14.215    62.590     0.543E+08
  1397    370  323    2     -14.268    62.695     0.532E+09
  1398    370  323    3     -14.268    62.695     0.124E+09
  1399    370  324    2     -14.321    62.800     0.428E+09
  1400    370  324    3     -14.321    62.800     0.165E+09
  1401    370  325    2     -14.374    62.905     0.170E+09
  1402    370  325    3     -14.374    62.905     0.685E+08
  1403    370  326    2     -14.427    63.011     0.181E+08
  1404    370  326    3     -14.427    63.011     0.147E+08
  1405    370  327    2     -14.481    63.116     0.335E+07
  1406    370  327    3     -14.481    63.116     0.201E+07
  1407    370  329    3     -14.590    63.326     0.100E+08
  1408    370  330    3     -14.646    63.431     0.395E+08
  1409    370  331    3     -14.701    63.536     0.395E+08
  1410    370  332    3     -14.757    63.641     0.457E+08
  1411    370  333    3     -14.813    63.746     0.268E+07
  1412    371  312    2     -13.490    61.559     0.335E+07
  1413    371  313    2     -13.538    61.664     0.100E+08
  1414    371  314    2     -13.586    61.770     0.388E+08
  1415    371  315    2     -13.635    61.875     0.736E+08
  1416    371  316    2     -13.684    61.981     0.100E+09
  1417    371  316    3     -13.684    61.981     0.201E+07
  1418    371  317    2     -13.734    62.086     0.138E+09
  1419    371  317    3     -13.734    62.086     0.402E+07
  1420    371  318    2     -13.784    62.192     0.177E+09
  1421    371  318    3     -13.784    62.192     0.109E+08
  1422    371  319    2     -13.834    62.297     0.227E+09
  1423    371  319    3     -13.834    62.297     0.543E+07
  1424    371  320    2     -13.884    62.403     0.201E+09
  1425    371  320    3     -13.884    62.403     0.870E+07
  1426    371  321    2     -13.935    62.508     0.184E+09
  1427    371  321    3     -13.935    62.508     0.174E+08
  1428    371  322    2     -13.987    62.613     0.121E+09
  1429    371  322    3     -13.987    62.613     0.484E+08
  1430    371  323    2     -14.038    62.719     0.443E+08
  1431    371  323    3     -14.038    62.719     0.375E+08
  1432    371  324    2     -14.090    62.824     0.739E+07
  1433    371  324    3     -14.090    62.824     0.602E+07
  1434    371  329    3     -14.356    63.351     0.134E+07
  1435    371  330    3     -14.410    63.456     0.100E+08
  1436    371  331    3     -14.465    63.561     0.242E+08
  1437    371  332    3     -14.520    63.666     0.474E+07
  1438    372  315    2     -13.411    61.898     0.468E+07
  1439    372  316    2     -13.460    62.004     0.535E+07
  1440    372  317    2     -13.509    62.109     0.114E+08
  1441    372  318    2     -13.558    62.215     0.174E+08
  1442    372  318    3     -13.558    62.215     0.694E+06
  1443    372  319    2     -13.607    62.320     0.115E+08
  1444    372  320    2     -13.657    62.426     0.538E+07
  1445    372  320    3     -13.657    62.426     0.669E+06
  1446    372  321    2     -13.707    62.531     0.335E+07
  1447    372  321    3     -13.707    62.531     0.602E+07
  1448    372  322    3     -13.758    62.637     0.535E+07
  1449    372  330    3     -14.175    63.480     0.268E+07
